10000
9533
2102
9961
3307
6264
5536
6297
2464
8380
3510
9685
2669
7671
6061
2427
3977
938
90
2921
2375
171
4378
9843
8854
7645
2995
7250
4671
4364
196
6863
2475
4841
1332
9300
2424
9802
1963
6680
5909
598
6889
224
7386
3909
4079
7839
392
1818
6226
4780
4007
8234
4186
6515
8990
3771
4527
8993
7744
9918
5758
2318
7647
591
5253
6763
8405
4258
8283
6530
5880
5830
9727
1889
7425
3040
8223
4115
6790
9789
9706
4853
3396
2287
9306
1478
8178
5374
7849
7231
3261
2409
6483
6668
9677
4856
5708
4924
6175
7126
509
7972
1619
9868
1923
4679
5031
8857
3289
7586
3533
4873
6181
5734
5291
4232
5895
1320
2449
7357
5136
1063
3506
388
7145
9676
413
2169
9157
2639
9029
512
5272
7064
1945
8955
7681
3830
4715
4729
3664
2433
6014
7646
7888
7923
5521
6789
9373
6901
9060
6598
5192
387
3525
1332
9644
4581
5874
1632
3236
3531
5474
8955
9114
9495
7769
1720
3265
5734
6685
5138
310
1713
5860
7528
3605
1797
7942
6115
1140
9044
7624
4172
4625
9708
8051
6963
1889
1323
7618
1138
1706
7494
5326
1407
7964
3043
2929
7974
111
7420
1782
8533
2263
1814
9862
5845
9331
4239
9077
376
9477
4246
472
2543
3716
6211
8952
3193
2707
543
6367
4687
6066
5509
8290
3448
1171
5638
5389
9241
4961
1393
4420
5323
4626
8301
2865
9178
8407
8766
2679
1156
4456
6361
2606
1885
4175
9660
4395
1347
8793
4114
2176
9084
5136
1031
1512
9966
3089
6890
715
4228
7934
227
8684
4799
7720
6086
6149
5576
753
7215
9387
4594
6814
4278
6827
4685
693
8899
4522
5206
6554
1340
2818
8834
1724
7905
6922
3325
7862
1103
3152
7624
3322
3029
2479
5489
645
5615
7986
6253
6744
3021
9284
2620
2189
2942
5629
9880
7020
323
4793
8335
9487
7235
5584
3910
5108
1384
3097
4380
735
3019
1743
7142
5761
1564
6218
5024
4267
1253
9347
2216
605
157
680
2163
3426
7432
4256
1056
7056
1238
8237
9915
9742
7728
6292
2408
3071
5904
5938
5574
6868
2433
4928
8700
2587
8282
4420
7346
9755
1936
6207
6683
4679
2134
1308
4356
2139
9914
6339
6849
9214
244
6237
5903
2670
8324
311
8562
6866
935
6071
6560
2523
5529
4026
8733
7565
235
6207
3811
1425
8817
2023
5375
1199
6156
8082
9324
1463
6311
773
8335
3446
3713
2094
5918
5540
5257
1585
6594
5316
9273
1243
6298
3455
3166
5445
7681
1306
2045
6821
9540
3976
1942
6452
9390
1560
6306
5612
8781
1746
9530
9624
3605
7048
1642
2923
3643
9771
7394
6929
5725
115
7904
5598
1248
4071
4649
7550
1128
1546
4914
7951
3442
783
8321
1173
1960
9454
3000
1541
5292
3290
5665
6088
202
4026
5370
1839
798
1281
6343
8624
5427
4181
9966
3187
918
8920
8607
1727
4874
4860
7853
4926
4889
7198
7841
8010
6749
6032
9536
7509
2330
5982
1033
1976
1033
4226
9510
6103
2163
625
1737
3329
4981
385
740
9536
1910
4711
1817
4652
1694
8754
8561
661
7089
5906
3290
1435
3941
8910
1456
7563
3541
3476
9814
5731
310
7099
8175
9573
5038
2251
4149
8175
4194
5841
1396
4424
3507
4048
1184
3435
4339
4869
8973
4605
6093
1919
7405
3489
7576
3813
5739
9993
9240
2118
5997
2251
4131
7492
2481
1509
1849
6882
8632
3800
1657
6977
730
5018
7267
8263
9600
2936
8492
6355
88
3124
3827
4729
4722
3903
2155
8002
328
565
1543
5111
6530
1598
7980
466
8473
6785
2434
5434
6281
9862
4646
8704
1552
1088
1162
1949
4956
3781
1555
7305
4865
8277
6131
8215
1092
8241
8770
9722
2123
8541
2565
7615
3718
466
2127
505
7434
5484
1005
6339
8771
7538
7976
5980
7269
929
2870
9978
4951
4517
5180
1449
5913
3863
4265
1362
7708
6549
4741
5736
4396
204
866
3159
250
9214
66
2606
6785
8321
9596
9582
4180
7988
7037
5478
2886
3164
8531
8233
8805
5228
3792
2831
1474
5156
5516
5213
2826
214
9267
6942
3137
3791
6060
9487
3362
3368
1864
2482
677
6582
5737
4158
7281
5864
1733
2605
5926
9292
5025
5918
9670
140
5119
7953
5548
622
149
9719
6302
3054
2306
5284
745
3193
5645
1951
3013
9206
8889
253
3618
4037
5078
5865
2402
6048
7561
1397
332
7151
6524
241
7660
1537
2808
7914
3976
4832
1104
1361
4203
3848
9759
6558
4470
118
7229
7943
7931
5550
8454
730
1969
6841
863
4872
4296
579
9769
905
3154
7580
9397
9735
7671
4202
8421
2227
812
9125
7162
6691
4162
1833
2286
6775
6973
7364
8070
1426
4856
2305
7213
3852
9176
2769
3863
6406
7118
5748
6408
3514
4117
1387
4472
4724
5580
2221
9408
2200
8779
5882
4565
4087
7026
1186
7958
7326
395
6164
8426
1648
4789
4240
1849
1455
9279
8114
6225
9538
4992
3444
4788
3709
2805
9435
662
2981
7408
9181
3835
4682
1920
5289
6893
483
7553
2820
156
1340
6756
9970
1258
9157
7365
4512
7730
8502
5030
3727
3885
1200
2873
1584
2876
4911
1019
6577
5577
278
5572
967
4434
9402
111
2735
3008
8166
5539
71
2555
1316
4202
2814
4489
2440
1639
3229
5764
9265
4628
2073
8810
8319
3552
1575
703
6685
2068
6535
1035
2613
7234
4490
2150
8877
2351
4404
8811
7370
5477
8179
4589
5307
9462
9000
1169
1778
2284
6234
1317
3805
5927
1667
4873
1468
8137
2723
982
6984
9438
9126
3994
9267
8848
7861
9100
6278
769
1912
2305
9785
1186
75
7519
1932
9738
977
8401
499
1278
5679
8459
9852
927
8215
336
6667
2241
7294
7741
4897
9031
7261
8440
3334
9458
4195
8836
8772
2113
2204
5208
5364
9002
2309
4261
5257
5261
1041
3475
2806
8073
9483
7388
3191
756
3698
9462
7616
8876
7764
5039
645
720
965
8422
2764
4989
2417
7719
5530
9221
1060
1113
62
8517
5272
9813
8895
1510
5070
9728
4804
4281
8005
865
7372
1941
7748
7308
4858
6095
9781
990
265
2914
2437
2795
6300
5876
5862
4540
8177
7176
4900
937
1611
6183
3287
5108
6894
6857
591
7709
2665
9839
6619
2447
250
9705
4400
9832
8702
4300
6975
5409
9159
1983
6833
7210
9085
4377
1303
7888
1144
1517
5902
6993
7558
7304
9763
9340
4030
8937
4192
4634
7691
6392
1383
8180
1764
9488
6259
2193
1112
7050
3426
5471
3074
310
7439
3985
2126
2297
2824
4828
6980
8658
6870
2042
5649
9072
8265
9397
8619
3725
7331
1058
5463
5979
9241
8010
356
9728
7881
2609
5514
1369
792
9981
9553
5445
5284
4822
137
8656
8173
8302
2832
7206
6621
7089
838
6649
9252
1446
1273
9941
6179
6001
7809
7332
4178
6590
939
6744
1437
6345
784
4274
3213
6484
8215
6286
3771
6802
9919
5717
3217
197
2702
626
202
3938
2329
5390
9874
2960
4024
4391
1461
7837
2367
9375
1429
2186
9136
982
3811
4115
6801
3523
2188
9402
477
7927
9151
7229
8327
247
5439
8817
9444
8944
2594
2922
7361
4116
4089
5515
459
2475
5218
4127
7092
4410
1307
599
8009
2930
4219
8314
7060
9992
834
3892
619
3019
7703
4880
193
3237
8942
3605
8326
105
914
7049
4839
5083
4889
2777
9454
1579
8196
3048
4564
417
4426
5601
5805
1967
8274
1039
7684
126
5423
8162
9123
5587
4570
723
7481
6247
7494
3923
9739
1175
619
1295
9277
1016
7999
6489
3491
931
1363
6195
4690
8922
3465
5173
5791
9981
6564
8818
8791
9264
2422
9024
5898
9112
4171
2759
1671
1413
1807
4128
4612
4932
7640
4365
7616
6510
8727
7854
5231
9773
2392
4709
3422
168
4370
6772
7858
4978
6423
1931
7006
2219
8159
6844
1649
5426
4610
3647
6481
9770
6950
3074
1965
594
6299
5150
2848
3343
9466
172
8650
6444
9893
6202
9129
4946
2294
312
4543
9636
6525
604
4740
2968
4403
5767
1062
7943
453
2324
7074
9235
3323
7540
9187
4755
6419
9735
6944
7586
7809
2532
3621
3903
1867
9744
9030
469
1298
1328
6064
713
3131
4044
7884
4492
1632
1261
7174
5580
2257
4618
975
8197
2025
7410
9836
4617
1533
3143
5961
9693
9733
7752
7468
6890
5140
1928
2433
1947
6980
9839
5856
4542
3997
7898
4103
4398
2208
1055
9984
4721
628
8147
589
5068
181
7507
197
5703
5495
8878
6645
7744
2420
4077
2463
1201
9409
3289
9181
3041
7652
3074
3278
7471
8624
7310
8650
1379
4189
5163
404
5925
2673
1880
1087
5199
3234
6615
6493
2108
7376
4885
2861
9781
6205
6936
3015
7382
3987
520
6755
2169
6110
9897
6127
3846
7954
6134
157
694
6257
3246
3981
3702
8829
9699
6096
683
7844
1635
8615
9813
3518
7296
1665
3502
1097
4344
6418
9430
9449
1762
5977
4979
5607
7915
59
8916
1121
6299
6691
1691
8987
3326
3546
741
3764
2743
7006
5780
893
2714
4899
2572
5722
2935
2512
9095
1467
8460
807
2122
8587
6763
7870
8036
4632
3976
6495
8279
7247
7273
1985
2585
7916
2255
8232
5531
6240
7675
6223
151
3929
7099
8562
2902
5756
4680
6408
7307
3398
7902
9664
6303
1482
8193
6355
3168
4597
7328
1140
1482
9642
3898
7933
4526
9391
3931
7256
4153
5444
2276
4403
477
6383
6643
4676
4020
5610
5595
8696
9214
2820
6397
9032
3028
1050
5436
4268
1193
8180
75
9781
3258
4736
9663
6395
8869
3972
9239
4451
3082
6657
7509
413
1635
772
1107
3816
2724
6741
7930
2327
7104
5091
907
5925
6925
1337
174
7034
3766
1880
7988
3376
231
7588
514
2131
9117
8435
1376
4017
98
3115
9913
6975
6237
488
8519
334
2770
6090
2229
2776
1575
9169
1449
7208
1260
5019
8182
6745
3906
5737
1718
8213
5870
5947
4225
2400
801
3824
2206
5294
7396
2007
8618
1135
5136
5336
4336
5516
9585
1117
5057
1380
8141
7835
9367
3061
384
4493
5382
2613
4648
4591
3319
3029
1286
4308
571
4920
6634
1819
7011
6007
4780
5208
6944
5691
8707
9408
2677
3121
1204
802
6847
7520
4272
1854
2144
8761
6081
3627
2111
8111
1899
9870
3900
7564
7057
3175
4162
8594
4312
1638
7933
3260
4243
4455
7220
2504
2148
5001
7251
2239
7128
6087
297
1464
3673
5129
7072
1207
2976
4625
3270
5651
5583
2181
3723
129
5102
6624
957
9895
9533
2301
2740
5932
3871
5998
5020
645
6036
356
0
6701
5087
9807
6187
7654
7036
3860
9018
2239
7949
6253
6567
2592
519
1459
8623
9186
2069
7013
266
2399
5389
7977
5658
6305
1506
471
6749
4821
6262
4290
4405
2602
3099
3680
2193
607
2790
4860
4065
5557
1880
7431
6894
1347
9251
6287
1610
5835
8980
2753
1412
428
9011
8386
2896
8327
3388
9032
8718
97
7791
2836
2230
1678
2284
5052
3402
5329
984
1415
9012
7271
2580
5830
3441
8308
2955
2805
1605
8950
2074
5565
3769
4567
7536
6156
6563
2937
6950
6136
1947
7192
2390
4309
9127
3329
2210
6526
2715
4966
4253
8160
1547
3716
9490
5771
7090
2521
7987
2858
8404
1995
659
8090
508
8525
3935
7911
6510
8895
7257
7076
8835
5401
3240
5917
9189
5508
4422
7755
3703
7772
5517
3389
4759
7917
9067
9143
3325
7114
9347
1537
3159
3525
1595
1268
7323
4055
1494
8414
6925
2098
9067
5166
1821
6583
5304
2670
3570
3451
1756
1990
1678
7576
7911
8995
6021
8160
4802
5545
1327
1312
7291
7950
9819
9360
1976
1685
3077
9574
77
466
9907
5458
8634
2113
9676
4649
1238
9038
7367
7890
1145
9478
4631
8589
7123
837
75
1560
6318
8096
4926
2660
1654
3497
5815
4892
8989
9184
4545
9038
3665
4190
8335
6423
3863
8132
3789
5231
4946
1955
4418
5933
7656
2973
2337
6427
8234
8389
9728
1534
2219
7012
6946
7984
1976
3387
3934
712
4616
5975
1941
768
1583
6463
8733
6188
9024
4972
2774
794
5998
612
8775
2468
796
2997
2375
5617
7133
1821
5627
3356
3587
9607
1631
7626
953
3429
1939
6377
986
3124
6614
4381
7410
9254
2451
3097
1238
6388
9129
4156
9811
8417
1965
2111
6997
8969
9010
408
1862
5545
8239
5376
5807
8109
3030
8559
7443
2498
7779
4535
6694
1116
8837
6020
5136
2764
3004
3497
6241
776
583
9840
2011
1052
3699
5582
3039
8110
6866
1693
2390
3466
3760
9290
6927
4892
8801
2960
5891
8629
1481
420
2782
755
287
6998
3046
1076
8067
4907
8001
6079
8388
982
3848
2123
4315
4169
6378
2768
9196
9110
497
1278
8725
3262
9233
1829
9122
1815
4604
7381
6897
7374
2635
2863
46
7067
7560
8732
7928
1257
9353
9543
8429
6968
2969
3120
6645
5806
818
2332
5748
491
699
9625
1625
2121
8028
2652
7874
5511
506
4728
1754
3732
5511
4371
9682
6285
6026
5956
9719
4707
3953
8582
5740
7269
1496
3221
3496
8523
6177
4081
2088
2753
960
7836
6442
9243
6065
7879
3335
1101
3239
7278
1729
3438
8482
4036
598
1715
8723
9916
7320
477
5386
6083
7481
5572
6968
58
6476
2565
2111
6475
434
2564
3067
5703
1275
6480
5795
6299
4420
5786
9662
7299
9825
9196
4310
4561
5807
9694
7620
1046
6224
4651
8690
1309
3126
1199
3345
8425
1263
7309
1844
9029
9473
7617
6892
8964
8657
8206
7030
2675
9421
4937
6428
9258
385
7811
2826
9007
6434
7704
4914
6835
3441
2977
3451
319
9996
3984
305
4652
1124
5871
3595
2734
8371
7714
6332
515
7309
6517
9453
6918
2996
3553
7782
8624
4069
1596
1225
6339
2895
1658
4742
5463
3388
7660
1399
2762
2413
9883
9001
2157
9991
6701
388
920
6811
1102
9911
3360
5334
4917
9878
7458
7108
4215
9781
8233
2911
6053
7875
4169
5208
9348
8435
9939
4602
2390
3299
9008
5951
1218
2738
2595
7605
3393
7575
5095
6287
3090
3967
884
2559
3065
6069
8221
9901
7480
5187
5048
8178
9438
7600
8445
9720
827
6639
5625
4130
9329
6608
4671
5391
4808
308
2097
9901
1356
5831
2719
8175
2782
6925
6115
8150
8190
3735
5187
7582
6493
4183
6376
8596
2709
2044
4801
5143
1477
7550
2673
8459
7945
4142
5784
4246
7412
7578
5239
1507
2
9357
3738
910
2951
7664
5944
8280
5644
2031
4042
5201
508
7712
6575
3560
4765
3720
378
8687
2204
7703
2706
1966
9048
4517
9679
3493
1109
7132
5801
3608
5974
4735
8111
1722
5370
8664
9357
7118
5638
6760
4676
4648
5127
6856
9831
3564
5563
1759
4272
9221
9298
5198
7675
9597
331
8307
6258
136
4363
8411
2145
8183
2832
5904
6578
1906
7855
5068
299
7891
4700
4998
6491
4047
8646
9947
1178
3231
8929
4572
4276
2688
1798
8510
644
1886
740
1943
2866
2955
3709
5007
8656
7257
8227
789
1285
6927
7327
5398
1484
9011
2261
331
7432
163
8094
9182
6312
8686
3171
3479
5722
2916
6488
7925
1745
673
5728
2425
2909
2540
7674
9126
4742
4961
3941
9938
2519
971
3764
6414
2814
501
7667
2263
753
1385
5851
3348
1647
4473
6669
5798
5612
1457
2024
1040
6301
1546
5452
1716
1870
4690
5343
6514
7466
7131
2267
5568
7348
2929
29
1403
6618
9331
9445
2146
6227
6649
4369
3759
9954
2806
9987
948
1089
496
9265
4408
6921
1931
687
953
4806
5498
2018
8475
9907
8293
2955
7282
3587
1314
7537
5125
3128
3039
852
2864
5682
7549
325
7972
7334
9789
3011
4211
6572
3002
7463
4332
8467
6612
3796
7888
6997
4975
467
5288
4878
6091
157
8944
1399
3900
1442
6098
4520
2793
9262
1796
1278
3676
3647
7749
8779
8799
136
3140
1291
684
6942
3718
2829
3601
1662
6527
9438
8507
287
646
7119
8818
7140
8301
9342
8879
6763
3465
8570
5116
6539
1626
310
2946
4218
3039
2548
1049
1873
8327
602
3526
2787
6413
7533
1244
3504
6734
2224
8553
8202
1134
6901
2504
2165
2201
9795
67
7264
5125
9295
9680
1090
7483
6564
7246
6816
7481
1054
3420
7868
8257
3460
1131
813
883
3766
4995
2518
7062
429
6282
8043
2582
9317
287
9764
7794
8139
2073
6434
6990
746
1290
4939
3073
7308
428
3766
8693
120
4454
7772
2754
8709
2721
8707
7431
7281
5682
5100
8687
819
1232
9182
5133
4207
9176
7964
4588
2789
5837
8124
8773
8936
7392
8997
9294
212
1850
87
8709
439
5737
303
3989
3013
4307
9901
7073
7068
9385
3020
2969
4492
563
4713
7952
3716
978
3909
9035
642
5824
8122
337
3033
1119
5169
3385
6248
6531
1166
3998
3751
1572
4721
6031
3903
7735
5732
7625
8727
50
1574
4899
4122
270
4966
2546
2833
8395
3941
9590
3929
9506
8513
2200
3807
4956
3864
8665
3786
134
7160
6988
5217
8900
2314
3121
6543
6598
9245
4842
3709
1853
2600
287
8376
2148
2859
2989
3237
6366
9477
4136
7900
3775
182
3745
9467
4689
9010
9113
1204
7059
3876
4405
5808
6094
9254
3485
8361
1317
4788
4177
227
4080
2356
3261
4448
6464
6212
3018
3534
1566
3041
3576
8518
2324
29
9753
8697
7713
2042
3479
2509
64
2950
5789
7535
4254
3472
5531
8690
6181
5692
8044
2255
2680
7701
5139
9224
3108
5164
4477
6731
146
1287
867
1059
4591
2262
2701
8715
2886
9675
3584
7025
3050
545
6110
8877
5130
2590
8115
2547
4523
8642
1618
335
9879
168
9879
5298
9960
841
5139
7021
2705
9831
3870
4020
6988
3718
3329
4776
7582
7294
8010
851
7817
5134
3154
8929
2074
91
5836
7454
7905
6904
5902
4942
8352
8281
5324
8984
633
5474
2785
6102
6630
5357
5084
2472
5067
9163
8448
8389
5996
4349
841
840
8425
7730
5052
5149
6203
7258
7052
7205
5538
4544
376
920
5696
9805
143
774
8339
3689
7178
8268
5566
9378
3396
9485
4570
5096
9919
632
9968
4936
629
1397
5600
4547
9605
6246
5712
6193
1461
2578
8490
5622
4117
5260
4081
6625
6192
8953
3077
3692
724
5769
3336
2462
2762
1036
9359
9720
7047
7358
129
4621
23
4223
5615
5333
779
5630
8970
9252
5928
640
8559
8553
5560
9609
4731
1006
8007
2978
7548
4149
9079
1059
580
6957
9115
142
9231
4380
8155
282
5257
815
6770
3447
3182
8465
3231
5395
1978
7613
6458
6578
2084
6868
2571
3321
8627
8024
4283
2883
8046
1208
5680
4723
7315
3921
212
7712
8840
8004
6914
1487
5991
2771
6184
1089
8359
2521
6202
1549
4129
8329
9543
5110
1556
1389
6862
239
928
7518
2315
7648
1908
6053
3962
4592
2195
3184
3712
7857
7012
7209
3091
3789
5575
4696
1766
1623
9749
5124
971
582
5227
157
7448
2195
7651
855
5423
2320
3629
3673
1533
8930
8311
1556
3140
4614
7586
6018
9270
3587
2796
8550
8361
8500
8847
5441
6690
7690
5570
1080
4311
4267
4163
3240
7023
3997
8847
3222
5688
5573
2946
5007
1452
621
2669
8629
440
4490
6456
5178
259
5886
3799
9386
4045
6265
1168
890
9730
5763
1364
7795
4236
4476
2381
2215
337
9763
518
9584
8497
3497
9521
2087
5217
9100
2986
6943
6795
4890
5563
6172
6705
1207
6100
5424
7525
4222
6616
3236
2986
8063
2608
311
318
8305
7104
9969
3436
9589
3074
6615
8050
8661
7994
4595
5513
4180
1575
8203
9706
2438
5030
4691
9187
2872
9677
6551
493
5070
6741
1247
1892
5279
9069
8001
2286
9055
6540
8297
5275
1506
2537
3312
5179
9068
5704
9441
4689
9168
3933
2737
9861
4914
516
2506
4974
3345
9583
3945
3750
6329
6249
5630
8375
9419
2393
160
7208
6651
5975
8407
7191
245
9359
2754
4660
8100
4926
4315
5799
3961
7843
7233
5857
882
7532
194
4498
424
9066
4166
989
9102
813
5510
2364
9410
7165
7397
6787
5122
757
4685
8150
274
2203
812
1637
4040
2024
4291
6661
2478
6578
330
687
7346
6029
8302
5033
8630
7951
9452
814
2264
8678
1370
9100
8625
4557
7936
366
7339
2844
9332
7065
4031
4159
171
3516
589
4600
9185
3146
7992
3288
6447
9626
1593
1211
490
7516
3825
4746
1251
4110
8672
6909
9360
6886
4059
528
3020
8683
8751
9730
9436
3751
6519
2060
507
3908
2959
1743
5117
1356
4086
3120
8896
5525
5154
2009
5695
6523
4181
4763
8269
3468
7482
5355
2608
14
3716
3954
4044
3634
8449
4323
529
257
8415
9895
2686
1970
1557
3295
1361
3508
2189
4777
164
4020
2839
7033
9512
3620
7318
9226
8212
55
2364
8324
2671
8043
3785
7636
9299
1203
8100
3541
4533
4375
3021
5129
3556
947
2369
4031
8905
2558
5290
677
5964
917
8151
2651
7464
3051
6879
6542
1033
625
1121
5832
8732
1935
6671
5429
8929
8593
8201
3742
7453
1604
2114
2724
6054
2258
9490
2051
8748
7410
4088
1794
6458
304
8043
5317
2329
6157
1842
9647
1508
2489
8914
7263
6337
3927
5944
8837
2195
9239
6590
3886
9751
6487
9522
2952
6422
4674
5065
5137
5209
1158
8905
6961
8239
9870
4261
6366
9797
7367
7612
100
1070
8670
3792
1140
5199
645
1397
446
7663
9658
7608
8797
9605
4185
3838
2594
3162
821
8396
5794
758
9893
1908
2802
5000
9260
6185
4513
9242
3272
5047
6479
9331
5703
8267
6029
2371
5077
168
4341
384
4808
3116
8859
7808
7205
2458
1330
6137
1919
564
752
6995
4100
1125
3430
5446
4606
1634
6240
6640
850
5831
44
595
7039
3621
9762
349
1352
3080
153
6871
721
5206
6016
4740
6854
1278
8565
9896
2768
9766
9150
6824
1685
7096
4137
6323
3555
4782
3241
869
7735
5407
6949
6451
339
5219
9943
9386
2467
9694
9036
8987
234
2413
4004
7882
8272
8144
1420
9380
654
8750
115
5549
1828
2534
3258
3799
9334
2748
4907
5082
1528
1060
2959
6825
6604
5253
8224
1011
4153
6778
4839
9601
4312
4013
9380
8769
8101
5696
4693
292
4048
7216
5721
4800
9854
9605
8099
9614
8984
7381
8112
662
4770
6963
5015
3022
9884
6476
7204
8195
6689
7687
8104
3746
4475
3377
168
2126
7352
6822
5206
8764
8325
2091
3748
2160
5095
7133
9304
5607
6581
4109
4640
7270
5114
6963
6983
6872
4354
8346
773
6406
8620
3073
8797
6261
9999
5152
1037
9748
4881
2124
1776
9455
8920
4881
2265
6235
4058
8504
8757
7174
3744
5283
1223
2915
2432
7443
7872
2120
6652
5562
7428
4008
6114
7793
2567
5243
4476
8711
9115
5848
2394
4584
3857
8473
2925
6438
6183
5468
2293
6159
1588
8467
95
7255
3182
4252
4039
6175
3606
8865
9668
9180
8044
5984
231
1341
2075
2143
1435
1745
5920
8150
972
4226
8003
3789
8975
4552
7305
4412
5048
4603
2051
3894
5653
4949
1010
5740
8825
5758
4110
5941
69
5317
4811
606
5807
65
111
9215
3126
8715
5972
9294
322
1975
5419
243
7878
4775
843
6916
6248
186
5449
9258
979
1314
1994
8026
9204
6119
5772
9866
5504
538
9950
2908
2961
4580
6406
5764
1384
6184
9352
2300
6589
1728
1270
1588
3728
1829
3389
3909
3350
8232
3447
645
5486
39
7632
1629
2283
8113
8985
3612
4198
6978
131
8632
6550
8673
1473
8423
5239
957
124
3078
3429
8063
1897
3891
8685
9150
1018
4403
4538
1948
4748
1283
195
7372
7151
5703
117
5031
9698
4659
4797
3462
6471
9879
8278
7219
4356
4898
7450
7062
908
1008
3171
932
6813
2981
1700
8409
1652
4524
6616
7113
1814
2015
6749
6894
2134
8849
167
4166
641
6343
2078
5235
6527
9679
4946
8185
3263
6164
8249
948
8430
3028
6143
7024
7597
2091
5434
7282
479
6831
454
6970
168
1521
6412
6374
8260
8415
8283
6034
7201
3053
9968
2082
9817
5305
4271
461
6126
3569
1358
8082
3947
527
2403
6755
3459
2242
3165
1857
9993
4107
8711
4663
5418
3123
4157
8429
3630
3959
9674
9398
28
1402
1883
1410
3789
9921
1539
2237
3333
8860
8036
1536
9089
2844
8217
6034
8896
2961
9588
3389
4622
3127
4851
3560
9329
6577
4134
7295
7366
5973
9468
3326
8950
5429
5888
9720
2290
9473
3122
9142
2118
1326
9481
5675
4948
3016
5682
202
7860
439
1588
4955
2779
437
8049
731
614
4102
9377
2394
4538
6239
7551
4342
7876
1373
5446
2186
6083
832
1189
2078
8863
3904
3156
2937
6254
9504
4174
3657
763
6613
3096
8997
9938
1383
1345
3512
2289
6113
9067
948
1567
1068
8630
9269
4362
8514
7247
5244
909
6971
8558
8100
3336
5005
8732
6743
6992
1248
2476
1479
2862
2760
8743
8223
9509
8185
1486
7130
353
3053
4291
3861
3470
6300
5310
5759
7728
6421
2820
3277
8588
7335
2697
3418
8020
5566
4732
4018
2124
3106
8278
9547
6349
5831
2974
7705
5909
3043
7289
863
114
6758
368
4911
8982
2782
7634
3357
256
819
7412
3070
5372
8074
4253
8822
302
7214
2553
5235
4536
9666
1382
2772
3793
8416
9182
4239
5267
5207
2705
530
7697
5451
2071
8109
1060
3889
1804
246
6167
8505
2483
752
5815
8452
615
6853
1763
3560
4640
1132
3049
6142
6137
7171
7352
4446
5772
3103
5345
5553
1137
5103
2573
1081
623
6269
2071
3577
5786
7129
9370
8568
8825
7426
4414
9833
3003
7500
9042
993
1262
9499
6029
8064
9635
1208
6175
7521
7780
9082
552
8420
4762
7124
4952
6961
1306
3089
4447
4934
1097
10000
352
1479
3577
1771
5957
2649
6901
6131
631
6862
8412
415
4584
9374
1784
7743
958
4575
8349
235
4447
1423
9997
9408
5836
6514
7738
2282
9166
5503
7826
7259
3953
7539
3720
5955
4179
7131
5328
9989
7447
2172
6377
9982
284
9762
7845
9318
9141
9493
5195
9983
8016
3355
1286
3469
7808
9857
2949
656
99
6220
131
5968
7625
4126
4552
3918
6264
3298
9961
235
4537
9767
8921
4285
6965
1686
8283
6449
7335
2578
3391
1257
4197
8126
7041
4626
2743
6780
4974
4344
3040
9321
2932
744
4661
9531
2085
7255
1332
7910
9505
7532
8907
3464
3152
9388
6539
5758
2949
8029
2825
6096
9894
3333
8398
2456
1227
3882
6010
7971
4582
41
3242
8390
3423
9045
3501
1466
1881
2893
8415
3113
4439
7140
2345
3593
9325
1925
4400
2437
410
5093
4632
4419
7117
4223
9962
5317
1330
9866
3408
1645
550
7177
2423
8536
2002
6846
3152
185
1918
7438
1422
6675
6097
7016
7509
5039
86
3559
3576
608
2143
6552
2307
3116
401
241
4706
5683
7600
3475
7467
9117
2428
1746
7749
164
7345
2665
8428
1799
4443
4842
1187
3351
375
5194
506
6123
5021
8490
752
135
4717
5153
1861
8979
5113
4257
7160
2892
9950
275
5730
9595
3330
6814
3187
4426
1462
9467
7148
442
403
9116
4542
2765
4949
4926
3456
6440
3163
2060
8222
8746
20
9074
3011
2280
1574
2276
4455
2044
6775
8178
3275
4695
5439
9634
1652
9135
7388
8354
530
1733
236
5405
1745
1709
5293
8037
4110
5336
7577
2871
2083
5368
7140
277
8442
3043
1288
698
3597
3521
7668
9256
6993
4774
905
7478
7399
4179
3032
8615
8694
9543
7873
1513
4924
6413
7914
274
974
2499
822
5351
8288
2983
5483
4971
3489
1911
1879
5491
9814
2187
2281
2112
3829
4023
2304
4857
6904
8535
8277
4051
7064
3231
6401
746
1268
3822
8432
7924
677
2443
4528
2933
6554
3087
8305
7938
1180
52
6751
6470
6165
8298
9620
3385
828
3895
439
2214
7223
4856
1127
5404
5627
3994
8759
4583
5231
4621
3323
4584
4889
7428
963
7646
5987
5018
7212
8397
6043
7639
6756
7802
1541
9807
7568
2526
9210
6944
5490
2072
6827
6541
368
6074
6212
1514
1273
2691
8720
6284
7724
9220
429
634
7897
7881
8681
657
1642
1812
1253
9544
2995
8913
8908
8298
1044
3905
3767
8395
4046
2933
7125
9574
6951
2691
6647
6674
5508
4486
9598
1757
4222
7107
6366
2544
4901
3564
2424
8200
7359
6202
8332
6361
197
999
5212
9202
8155
5762
8135
3662
6168
7070
9625
5187
1132
4694
5361
6883
2760
8943
3493
6306
2826
3182
5105
5571
7005
4540
2749
7821
124
1287
9301
8908
582
37
7247
2449
1830
9558
3046
6723
8970
7917
1960
4632
6349
7966
3290
7330
9265
7768
6999
6127
2526
4277
2553
2089
9253
5005
252
8425
8146
80
5434
9434
9486
4233
5804
9924
3516
5251
9197
7422
5410
6984
6549
6434
7460
9758
7902
2447
2007
824
3743
9473
6182
600
9962
5827
9425
5271
2533
7136
8317
6416
18
2158
9622
1124
9250
6285
3495
8850
5446
174
6987
277
6447
4225
4158
498
4918
733
4246
3103
4393
8069
8169
842
1328
5220
2212
7187
5086
3342
504
3940
4044
6157
121
9231
8937
2871
6634
5462
6834
1670
7464
2937
5151
7989
2740
1097
5222
1011
2739
6091
9422
6200
3496
4789
3165
634
8486
2754
5912
9756
1371
1729
1177
2731
8121
1186
2551
4269
2993
3438
5968
8365
452
778
8568
5449
3408
8974
6874
5192
2731
1185
7640
3636
782
6634
9995
8676
6977
8783
5885
3080
7134
8949
2566
3166
6475
9821
7883
1425
6688
3473
6691
5876
9864
9736
3279
9388
1772
2210
8763
287
5890
7507
7886
5618
8764
6096
8022
5070
4592
374
8866
8232
2867
1343
5741
1912
9113
9377
3872
2098
8080
9036
4559
6402
2604
9909
8651
1813
4046
6133
4878
9
4722
2019
5118
7761
9618
999
4821
9523
4169
8068
4220
4380
5523
8234
1098
9238
6047
4023
3356
1606
7498
6563
1194
6791
2446
3260
9045
4288
6937
1372
62
8877
4000
9792
3106
2614
5658
8016
5016
8077
4256
7566
2653
4634
7508
4208
8895
5315
3969
333
1850
5828
3343
3704
1885
9099
9653
8446
8573
3515
9361
7257
4352
1407
5159
9488
8827
901
3075
7833
5769
4473
516
2379
2745
1135
8525
6700
29
555
2612
7137
8360
5888
7100
9041
9276
3893
1584
9368
5305
7465
3460
7284
4741
695
1377
1084
1538
7598
1821
8051
1196
1524
9278
6636
1220
7123
6047
8366
8655
4624
6346
6284
9430
1279
5952
4052
9086
7160
6858
1086
2994
297
8367
3934
4592
7444
4241
802
1858
4627
1603
4784
6676
2848
5004
1133
5922
5292
1912
1120
4878
7882
2475
4927
9803
1371
9849
6572
708
8512
4309
7331
13
3045
1096
1639
1596
771
4486
5140
9378
4831
4887
2326
7329
7880
9101
9283
2004
5788
9685
8704
4455
132
8927
7069
9303
6756
2558
618
788
731
1571
2875
5455
9434
5515
3464
7664
3000
5693
888
3670
2308
2353
7606
2366
5182
5766
5560
9889
6064
8754
9129
5734
466
7567
8258
4574
9837
6520
3994
3092
6019
267
6053
1195
6479
5620
6385
5652
8237
2614
6758
862
990
845
3626
8230
3664
8258
5703
3596
2956
9529
4438
8339
6812
817
4995
4363
4374
9428
3302
460
2211
2942
7866
2762
3551
6149
7310
2743
2898
7543
5929
1141
3131
6577
9444
2757
8930
205
2260
6894
2889
4339
9755
9822
1195
2922
740
8075
6395
5228
6311
452
433
631
3206
4524
8494
3641
2430
3277
9577
9671
6415
9047
6647
3283
2418
9102
2501
9128
8525
1538
4754
5273
764
9847
7984
2771
3655
3721
4636
7744
6676
8463
7905
3358
5
7153
5611
7336
2736
770
1310
7988
2399
4597
5664
2374
4209
6967
6498
1816
6235
9575
2860
6157
7296
7722
5289
8340
3311
7219
2592
1341
7477
4014
4751
679
9478
9034
9706
800
8349
4158
4664
901
3826
8891
8585
3408
2532
9155
1791
5985
6171
9801
2
4359
1161
1471
8194
7809
4749
8573
100
1520
2359
903
8687
9474
7231
4772
5065
966
5212
9208
8135
492
1847
6087
5104
9280
9204
4125
413
3781
995
7888
5779
3296
1440
9801
482
1767
9479
9901
8951
8337
6289
3769
4984
1715
4993
1375
279
7365
7633
6741
8376
6882
7537
7328
3316
3484
3482
3847
1016
7935
2189
843
3933
2361
4449
1375
9459
6616
9030
7123
4651
3237
2857
2135
8651
5653
9556
7873
3749
6822
8633
3278
1851
7950
3475
1545
6583
8406
6471
1488
2226
9259
7665
7564
4851
9589
6966
9951
3317
7932
9486
9949
9417
1408
8258
7940
990
8430
2252
2729
5628
4843
3544
9383
9613
2080
7061
2872
5528
7080
4249
8692
9510
4551
9783
8678
5331
7989
1691
2889
7737
2776
3343
7518
9883
6454
9038
4605
5867
6340
2803
5834
5650
6608
9987
5228
6403
2765
5991
3067
9565
6965
4610
9987
7275
4424
5381
6741
6049
2435
458
104
2328
8233
9097
9085
6784
2374
9458
5119
8712
5691
3348
686
1344
6309
5685
5438
7139
3798
9279
5123
7226
4618
7621
943
6542
1041
98
2804
5773
4065
4547
8903
7648
1899
6006
1146
6821
7047
5181
1665
9449
9064
1525
2886
2082
8536
330
9719
5691
6466
909
9246
2723
2288
4337
5855
5380
4062
888
5306
7366
8462
6125
8067
533
7155
3295
6167
8143
4708
7206
688
4844
195
5247
4482
3207
4775
1829
2200
3592
5095
1205
2782
3368
9172
7307
7636
8376
4667
4047
5502
4464
5023
8563
8829
3183
7595
1588
1856
5343
2046
8815
9481
4664
9382
5572
9309
7245
5688
8704
676
5397
3264
9732
4575
3320
8471
5010
6606
6012
1887
5865
8884
3677
6186
4283
7852
1641
8075
5594
8008
8905
7746
3176
6070
1258
5088
1194
3915
412
3532
5744
9418
1519
8219
126
8926
2326
3555
784
2945
7190
9456
8064
5936
4
2594
3735
4199
4757
6159
3085
2968
6680
6640
1532
4442
4325
5884
7831
7426
6947
5970
1637
1595
9615
5634
5681
9534
2526
554
7504
3811
2405
1544
7561
9545
92
2649
9795
1222
5974
9495
8373
80
6766
5438
131
8757
2270
2518
778
4668
9666
1249
9986
4093
1675
3114
7598
6738
4085
3411
9198
5865
7777
3960
9102
6593
1827
7755
8353
8802
2343
7487
7091
5721
2680
912
8647
8297
1305
7835
6307
3031
5685
7320
7830
4695
4640
7905
4385
8135
7981
3191
2356
9276
7739
6406
4545
258
1397
6031
4951
1367
6832
423
4165
9823
592
2721
4601
4308
9830
7715
7984
4588
5535
9885
1514
9892
3276
491
7580
1401
4717
1560
8084
5999
9949
538
2068
3361
5149
8293
8319
3542
4208
9055
9369
7436
1230
5223
5079
2869
4911
1684
9194
7529
481
8447
8277
2982
617
6585
5279
8102
9164
1852
6957
6970
2121
5343
7521
2447
6303
8332
1607
2486
8441
6745
518
2562
8302
2373
7215
4585
6893
5513
2755
9736
6927
5625
6416
8566
5446
7830
8567
5357
5476
3557
6104
7275
7339
6311
8456
8688
5679
8845
6309
6303
6827
8737
9486
7430
5101
183
9059
5359
7623
3951
1902
8751
2050
849
1163
591
6452
1466
3032
5446
1429
4026
7655
4721
996
1044
7929
2217
644
1903
981
9990
1338
2709
2990
7347
8245
4281
4891
7648
3942
3656
7711
1848
620
1913
3430
5410
5427
4481
817
3132
5466
8959
9004
8254
5667
7461
6091
6816
4092
9514
9794
2826
2349
854
7056
5321
8576
2043
6943
1934
8210
1545
1921
9375
3006
3200
1535
3406
2133
1391
9881
9829
8670
349
4182
2737
5319
4108
4722
4475
2355
5144
8949
7854
4378
6394
9644
3752
8050
6067
6306
1603
3448
949
3144
5049
412
8659
1252
1177
4384
1962
220
6679
1837
2387
9128
8525
2104
9553
8148
249
7344
7773
9396
3408
5860
6109
7893
8223
5362
1670
7725
7117
2311
3234
4953
6883
307
8703
2271
9130
3561
7079
1076
5174
9788
8410
2669
967
3123
823
6806
1670
7431
8195
5765
2604
1683
3347
9124
9725
5170
8288
9577
8874
6007
7468
557
6794
5402
5102
2422
4303
530
2085
598
3417
4363
1987
5793
5658
8398
3158
4200
8436
5664
5496
3989
2204
5570
6065
5966
9537
7413
5563
2786
9078
7452
4311
2711
3134
2973
5146
7844
4587
7771
6471
5313
9345
303
4469
206
808
1464
4758
6022
7509
6106
3517
1668
5486
5376
877
7611
2807
740
7938
2641
1887
709
9535
5834
4481
4878
2231
7889
8669
7857
489
548
7002
9482
2715
9194
1498
3051
2676
3396
5976
7383
3692
5750
287
5492
7252
2903
2444
9457
4471
2908
7114
3078
6136
620
5526
2567
2590
7672
4954
7271
4803
7387
9819
1502
6840
9157
1102
600
9165
3081
7326
1364
7004
622
1860
381
3415
1385
1043
8067
717
2646
3798
7836
6850
1401
1600
4260
61
8561
6736
5572
846
4773
4174
5601
1967
7593
9470
1736
9627
817
7613
7358
4052
1502
1307
8004
7598
6233
7421
78
8796
1033
1202
2559
4066
1765
5675
4727
8074
9603
9510
7990
6302
9808
4273
7383
8457
885
3446
7816
2432
7209
2410
1619
6143
5459
7394
2360
2849
5521
9992
8743
6133
1421
7706
2172
8400
6308
1550
1348
7684
182
4847
7091
7244
3604
5980
1465
1342
1039
2638
3631
8592
7368
7763
7598
5972
5026
3809
6174
7586
167
3240
9479
6703
5899
3389
5106
8299
1529
23
6138
8613
2188
5364
8070
1075
5336
7371
7135
3760
2597
1983
6700
9311
6684
1375
3817
8102
6175
2921
2009
2226
5611
7633
1439
4001
8633
4102
8535
8955
343
499
5933
4349
4387
7351
4855
1801
7292
551
6678
3222
4618
2886
2101
3684
5308
8305
6271
1896
9124
4507
7061
8319
8361
7400
3844
3323
3853
1860
9060
8308
8184
1213
1450
6234
4882
9852
2074
6265
6524
4039
5683
2851
5888
564
165
6675
6611
921
5801
4608
5101
8532
8719
907
34
6177
2323
1820
3998
6465
1154
3334
5336
2671
3189
8157
1352
5716
7790
9075
7418
4198
8251
8703
878
9905
9972
6846
4654
8337
9835
7944
5688
7875
7425
5854
244
8394
4752
7813
9731
3160
4300
8147
8114
1502
8435
3832
3961
9072
4858
6053
5701
327
4435
6530
6720
5452
2523
1833
2310
4170
1419
5084
1506
7030
328
6730
2308
5715
5166
9108
361
7457
2224
6199
3227
3966
5054
1251
6790
5016
7320
1359
167
4915
5447
5252
2115
9400
8363
5692
8006
7666
5509
4062
798
8135
7306
819
7521
9796
8788
999
5743
7308
8383
6969
5455
1773
4145
7432
2110
2704
5303
8705
8542
8503
3202
7520
2565
5095
9287
7892
1736
5308
8481
4247
4585
8011
815
3094
7157
3284
6892
9906
3530
9125
8902
2842
1889
8350
3086
9942
2366
7672
6635
3853
8331
6887
3928
5963
7385
5024
1690
4331
1386
4744
1918
7983
7478
3605
1373
9273
1677
9126
6445
2023
2713
8491
882
1891
8008
3017
437
6023
2443
8607
782
644
2088
5360
7263
9001
7290
9915
8235
8574
2882
6247
703
6673
2135
3417
1280
6046
2653
4382
5481
949
3473
1300
797
4574
9167
7752
734
7300
638
2884
4646
6137
7427
4022
4938
3544
5268
1881
1059
3142
3154
4742
187
9667
3287
2565
4413
8987
3086
4470
2302
2909
3539
3273
8833
1133
5803
6076
4365
7452
4830
9504
7084
4131
640
4653
8210
6054
7149
1722
1995
9537
8026
1330
7175
9620
4728
8324
1201
8266
626
9069
8561
6095
8255
3320
5734
2313
7154
2026
7603
6003
1653
8107
5507
6900
4233
1207
6434
1282
1982
1283
3754
572
2244
2830
9375
7859
7841
1311
3807
4595
203
4093
7577
3429
789
4158
3243
6580
9721
751
387
2320
8429
8550
4983
4816
2200
8941
7664
3982
8796
1832
7394
5712
1569
8487
6065
4840
3212
1374
9172
8677
8528
8240
4227
6178
4775
7078
2428
2125
7911
7749
7272
4685
4511
2247
9811
7973
5482
5833
2582
7251
953
4706
1871
8872
9641
9681
2352
4394
2009
5912
7261
5984
4948
8827
3733
8101
8743
5675
5902
4269
936
5976
3845
3281
2440
9100
8002
8853
2165
5440
4896
5598
9034
1638
5629
968
642
3443
4908
2973
2899
5910
1416
3138
4026
3925
906
1063
2476
1054
4630
2602
1529
5504
4878
1634
7380
7122
3404
9379
5488
1382
3622
5912
8219
5031
1669
5755
8743
7954
405
5470
8034
5675
7056
4150
6210
7092
1892
9808
6885
6339
3560
3544
8944
2070
4010
2351
4939
8014
5566
5942
8476
7524
3204
2290
9488
2091
777
268
2598
4004
8277
5781
8831
4092
2009
2975
5620
2617
6189
7780
2629
2830
1095
9937
4321
5836
2155
4788
7294
528
6848
2478
9111
6452
9978
998
1216
3105
8657
7082
2781
9152
8825
3350
3464
760
3098
9266
8638
1739
7871
6910
3321
8145
5689
2949
6820
3449
1774
6591
6307
2957
8172
1158
5554
3409
9834
3338
4054
4440
8913
9730
7895
3911
8755
6061
4483
1294
9124
6707
9335
6435
8362
9151
2733
2426
515
8614
9325
3097
5665
9119
4987
854
9344
5762
9720
6819
7109
1270
5470
5340
8052
2160
9637
1653
667
1917
9430
2784
7409
6279
4143
4196
946
9610
9371
118
9286
1403
7681
15
3615
1464
3236
7126
9934
2337
4569
5215
2188
899
4996
9437
423
4192
8458
311
5921
6776
469
7645
2453
2651
9179
3512
6202
4646
7824
307
3058
4867
669
1202
3178
1917
7814
6152
55
7637
5125
685
5210
5798
6197
3752
2730
7022
142
7784
8316
7358
5959
8223
1519
8142
7906
6678
8942
1353
8693
4050
8826
7597
8108
5269
1794
1236
5279
1567
9619
9091
8738
9679
7668
5074
165
2416
9562
203
9263
7149
5637
2537
4757
7347
3029
9236
8345
9768
8159
6195
1583
4395
2669
1366
8467
7973
8054
8967
6708
993
198
2571
3114
7666
6511
1925
3355
4433
43
2040
4433
7477
1560
7562
5353
1569
8410
3916
5949
7904
7080
621
8017
3055
241
3571
7838
7139
1957
2241
3913
2956
7361
6471
1144
9117
1059
2297
9401
6073
7305
676
5019
3002
4459
7089
7140
9811
5547
4832
5703
8951
7206
7572
1470
4101
8110
7557
6606
5878
9961
8920
4986
865
4722
3525
3176
3027
6109
6478
9297
1604
1997
8810
3156
9222
9808
1921
1500
8300
2464
236
6449
1717
4452
5002
2609
4983
2831
9773
1626
5369
5706
4476
3946
3777
4905
5109
878
3676
1050
3287
1459
1122
2875
4428
8784
3781
7438
616
6624
2509
3971
1542
9709
9733
7600
6996
6942
6350
5944
8484
4100
2585
7643
2680
8109
4086
9221
9452
5374
9374
7569
7563
9833
6826
9784
6521
6638
7736
66
3739
1049
1602
7071
1192
8406
8891
5447
7597
8969
1954
9714
5236
6265
8906
104
4253
2490
7043
7247
9196
6766
6512
1966
3897
5295
3033
1465
7150
2881
456
1863
2543
4417
194
2589
5931
1531
1321
2094
2551
6674
2904
8596
2129
9626
1531
2532
2908
4298
803
8491
8206
4884
7409
7168
9749
5462
3874
3645
4215
7395
1442
2270
8199
1431
2212
7565
6261
5498
3123
17
3083
8662
4250
1338
1080
4540
229
7716
2348
7400
7593
3192
9931
3268
4748
2681
7111
3650
9051
3629
9752
1015
6768
1193
5697
3719
8211
2275
4951
9551
7407
164
294
3775
508
6294
9507
4292
9450
8532
5915
4241
791
453
6574
7000
8574
1527
9532
128
9410
948
2748
7726
7092
225
3500
9623
3125
367
3903
4541
4138
2095
8431
5843
7402
6147
1232
9575
7014
1867
527
5759
3254
8234
4745
3011
3867
3491
8524
4535
6451
5229
8204
1405
7535
6873
8366
3961
2394
3678
9312
8797
6688
3665
2848
2730
3929
2675
8058
4521
5715
8605
3637
1249
9530
6978
7975
2184
1201
361
7385
4874
5296
6999
7129
5791
1561
9484
8327
4994
6696
4886
4096
3546
7168
8143
9031
5404
4615
3445
2293
5401
891
9246
8738
1838
9951
2084
247
5677
6250
4735
5083
9239
9463
2818
9720
642
6003
5377
1069
5275
8372
272
1595
7149
7597
6270
6508
7747
2354
2452
8824
7113
9851
6583
5712
3599
1410
619
5093
5886
1916
428
7933
9226
3358
16
4942
626
8390
533
3688
7559
6894
5561
3587
6548
5373
8495
6200
6286
7482
933
90
2553
3431
4345
8828
1528
7729
6395
7167
7272
9371
4093
1670
838
1559
6514
9846
6629
7174
8926
9532
3982
9965
8414
4805
8970
9065
5144
6654
1424
7525
9983
4297
8382
1340
3134
8123
8998
7167
4505
2476
1861
7800
8082
8939
5061
4361
7316
451
9308
3202
4225
8828
6284
5977
8264
6802
1355
4946
6954
2725
9376
5784
2577
1122
7079
5817
4229
3049
455
7506
516
6050
1707
3571
1776
2599
2562
7695
7576
6743
4176
3268
6258
7546
234
5721
5356
4123
8166
5064
6556
2000
6449
7236
1704
4813
5414
2878
4288
7698
1506
3297
2103
7465
46
5124
7859
1965
8336
6059
2584
339
6675
9261
3228
4394
8516
2590
738
5140
5962
3351
747
902
6285
9558
1471
1491
1990
6025
7326
2181
8158
6980
2702
8698
6494
9188
5015
3521
973
6553
6062
4321
8496
161
1053
6467
9766
1149
3139
5448
401
1574
1378
2009
2733
9985
7163
4323
8601
3399
6579
3933
5116
7554
5150
3280
2706
3827
2606
1245
2401
3215
4160
5289
761
5804
9480
4385
845
5100
8892
9989
6633
6229
2185
9516
7394
1074
8970
7225
5846
6015
7159
8850
1525
4903
4854
3554
7139
1515
5359
9770
9372
4258
3675
9979
7979
4565
8922
868
7919
8260
951
2083
6579
3462
2881
5193
8314
4251
7475
5313
7853
5286
5568
1204
8031
7079
1311
4334
5220
7782
9567
1510
6636
3772
1696
2239
8756
1225
5456
5559
8051
7221
6325
9306
5832
42
9556
370
9110
6353
92
7382
1059
8222
7256
5471
5886
871
9412
9993
4861
4021
4803
1652
2071
9660
8656
4859
6495
890
364
9738
7293
7834
9887
4953
5223
4510
3862
708
508
5625
5044
4408
3756
4359
4817
1423
3447
5804
1983
9906
1381
9663
8047
3811
3137
3670
3391
1262
8749
4372
8012
9556
4286
5871
4720
7781
4923
3773
2257
6490
3603
723
6096
6639
8940
1056
2866
366
3198
5465
9347
221
3993
1923
9217
5193
8763
8918
186
3275
4504
780
809
6762
1541
3000
1569
8374
1061
8218
5444
9980
7589
8011
797
638
4439
7655
6250
8046
1648
7640
1751
277
6743
5903
9916
5854
1412
6306
7470
5483
1914
4774
9851
346
6861
8428
2860
7281
1320
3677
5121
8964
53
5057
8196
4918
4606
2005
6992
7574
144
7163
7956
369
712
4876
7045
7824
7683
7480
7987
4650
1700
5473
6761
2004
2625
9781
6727
352
5534
8492
5712
357
8627
1488
1304
4123
9146
6655
3414
1237
2711
8087
5520
43
6419
8016
5109
7319
5462
5386
1426
7971
1345
8284
8688
596
9481
5911
1772
5909
7441
9227
6749
9050
701
8153
3112
18
1651
8977
4829
5951
9872
8960
4349
9309
6183
5894
4503
3913
4002
1564
6305
9876
2257
2351
8953
9959
9339
9009
5103
4572
4422
7339
8158
9553
2699
7622
332
5961
2162
9298
4201
9168
2687
1656
6001
7641
7187
9436
8440
2275
128
9967
6299
4237
1960
7295
7825
2601
7451
720
5330
7095
4596
2299
2419
1741
8499
2003
7667
6068
1133
266
639
3105
2172
4142
1011
6274
8814
2900
6896
717
5968
224
4334
6927
7881
7663
1077
3860
5097
805
5396
1577
4516
6700
7398
8723
7692
3043
388
1949
6460
4264
2099
6410
5407
2348
6897
4393
9514
1037
764
3242
6107
8582
3246
7907
2593
7462
462
7527
7109
5092
4199
9423
6587
3962
7868
88
1482
5317
293
2275
3194
1818
1733
1474
9254
1587
1373
9879
5888
7019
7695
7800
3396
3210
6597
3600
3698
9057
6678
1624
7814
1325
9651
1252
3535
8867
9721
7427
5822
7198
6611
293
2676
8628
8859
9800
7514
1068
8628
3509
9452
4315
5982
6692
4088
9044
6309
2082
2912
1341
5059
3896
6522
5741
5132
2779
2417
6317
9279
9608
9117
8127
865
524
3401
8132
810
1484
8277
6317
9656
4939
9157
6854
3756
4972
1130
7244
9684
4827
576
4648
5293
5072
2609
4258
851
5175
8774
1850
4913
5189
1205
4272
7640
1183
3724
5204
3216
1744
6419
2571
5054
5497
9683
8331
8300
471
3531
1141
1028
7203
1583
6255
1902
807
9973
1189
6497
4759
6528
6025
6503
3882
5954
1827
5267
5715
7252
7067
1634
7884
96
7741
6518
8268
6952
2641
7851
4891
4474
9939
6835
6255
9269
10000
8815
5898
8647
5312
6028
8901
6911
4938
421
9578
3265
6952
9764
5088
819
3652
4086
6467
9414
6503
175
4388
3604
2963
7345
3517
621
7409
1554
9870
2628
9031
6693
4224
6094
5166
6122
1057
4316
41
3906
2215
4975
1861
5870
7597
1691
6994
8697
6953
189
5808
1845
6035
862
9691
863
5867
8082
8195
1951
5625
7253
7550
4402
8956
7549
9247
3480
707
6422
4331
9349
1037
1666
6009
3524
4610
1866
3463
3674
8215
6680
9848
7145
3359
5435
8198
3764
9381
2528
569
1017
6832
5014
7958
5079
177
2356
875
3221
3033
6123
5986
639
9022
3926
1530
2758
7788
7579
682
9088
9904
944
2530
1168
44
5906
4616
1641
1151
2163
7815
8925
8952
2084
8495
8005
7291
4096
2331
8352
3336
1596
4269
2295
2294
6958
5093
7898
7683
5355
4205
9874
7384
1522
1591
6569
4157
5356
4240
1366
8236
4344
216
763
7115
9521
2805
8284
7916
91
8791
784
398
4999
7939
1060
8302
1297
2539
2010
9507
1819
769
9867
8505
5070
8763
3852
9733
7151
2595
8967
4234
4433
7283
9525
4431
158
2531
6222
9199
9093
2301
9334
1700
5054
2987
2067
4603
1723
8228
6291
7621
6929
1207
8097
5469
5279
8071
9034
3858
6850
2621
4616
9394
3123
2267
4076
7333
5710
5049
7704
5336
3066
5199
773
7870
503
9900
5045
9452
5671
9278
1657
1966
1246
6240
7361
6212
1641
8345
9600
8396
3774
8031
5839
1937
9835
7815
912
4569
4304
6100
8953
7567
2111
4513
8336
3967
2455
9666
8974
8318
5672
3439
2430
6374
1965
1192
1818
1031
4003
621
9892
2125
2860
876
675
3744
8164
7170
5910
6821
4722
7321
4755
4647
1146
8784
7221
8038
2956
6331
9456
9289
8735
2237
3758
1052
5188
6641
3656
7652
1711
2662
4491
6855
4434
2660
7363
8433
1221
836
8516
1004
3095
1522
7176
1635
8897
2688
6598
6762
2093
1291
629
6174
9145
7248
242
450
6425
578
2575
7373
3929
5515
4407
234
2013
514
4015
7963
9600
6565
4401
7086
6101
7915
7159
5174
8006
664
9108
1405
4157
7989
6787
5950
1243
1933
6970
4920
2306
4862
1153
9867
3084
6728
7419
6932
3650
6223
7189
3973
8118
913
1734
9505
4885
3899
8184
6687
2869
6030
336
9527
2021
1367
4790
9789
8660
5111
2047
4502
5700
2868
5373
4592
6192
3687
9667
4510
5332
1685
6775
5398
8812
4856
130
8344
2908
193
6152
25
1137
1069
1796
6916
3953
8383
4209
4293
993
3221
2300
4257
7346
9992
366
1687
526
6594
4213
1712
4199
2950
4416
1446
6945
1273
3812
3520
4366
38
1897
3625
5226
9157
3415
4547
8981
9250
2781
5901
5366
8335
4037
1675
5311
5068
7271
8993
404
806
6587
8397
6957
7040
8170
7759
5924
3379
3227
1560
386
1949
4353
5298
2081
8390
264
624
2527
9506
5517
4122
535
1494
6878
8648
1170
1653
4487
5156
7786
1018
6404
39
5490
660
9646
1448
3433
635
2331
8184
8498
9285
3423
1735
6789
9194
2402
6248
180
5462
2758
1669
1169
2812
3025
4423
6250
5092
5189
8827
9505
3658
9622
5218
5508
3595
1305
7571
2464
3370
2396
4693
242
8371
797
6782
6002
2046
4462
401
9759
2496
6317
4043
7650
1807
8995
2155
1744
8236
5374
9607
4133
3855
3511
8487
9157
6434
7434
1664
4772
2608
6253
8042
5411
7402
1972
7166
7145
2634
5708
5490
8584
5134
742
1252
6324
1049
1782
3795
9718
8530
6987
3232
4128
411
8160
6448
1505
8482
5916
2259
8067
4159
4019
2236
745
531
3182
4834
5623
4367
8780
5171
3279
7169
6398
8398
252
6763
9059
8210
6106
3997
7106
3760
9222
9510
9721
8019
8004
1725
283
1675
2388
3183
8706
5810
3263
7197
9177
2256
1171
9816
2898
1987
220
9997
8827
7986
7775
6209
7498
2290
8234
3374
6564
8891
207
1356
6393
2191
6559
1042
7730
9066
3371
3028
1085
6712
3256
1772
9638
8224
9937
2937
8606
7463
8861
4876
9907
2479
4901
9904
5008
3797
3760
3836
3636
840
141
333
2306
5134
2489
7108
8107
3227
6887
2857
6344
3633
903
439
7723
7040
3032
187
3691
2753
8746
4459
3941
7075
8397
975
6600
2440
126
3937
7698
7560
9105
6473
9385
3135
4755
2381
1641
6628
8393
3959
1023
8899
6559
1878
3455
7198
3681
3083
69
4672
6066
3355
4217
2933
9799
8402
4544
5922
9210
7437
1004
7794
3801
1885
9545
5475
1141
8178
7555
6867
6577
7955
4792
8786
5049
8470
1426
3115
997
5772
9200
795
3138
6057
6382
4256
6537
2653
863
3124
6323
2601
8672
1597
5556
1387
9909
963
1424
1481
8810
6251
8179
693
1941
2192
7239
9200
4268
7664
1967
1453
1976
3417
505
1440
3141
8716
5360
3394
2700
55
6826
3975
8073
4231
8396
696
3556
5764
3923
5286
5906
6767
3995
790
7197
5717
9378
9633
5236
2690
2365
7493
1132
712
5463
8233
1230
5155
4208
7784
7690
5005
1442
9986
3568
8450
8259
7849
894
5722
4764
4347
5424
5523
9279
4697
8191
5424
4480
788
1697
323
5296
4002
1802
5683
4715
2550
3631
1377
1726
2370
6515
1970
1794
2640
7068
2524
5707
6324
9085
4675
4650
9723
1894
2587
444
7024
8647
1027
7973
8509
2374
5496
3643
4479
353
7779
4483
5244
3569
6700
2518
630
463
2845
4857
3188
7000
4229
238
3198
1954
8844
668
1189
4791
787
4407
830
9477
8965
4550
5735
9851
8323
8307
117
241
135
4817
7220
5087
1279
9294
7321
1557
4292
7384
2048
7014
414
4489
3833
6763
5584
8354
7116
2651
5004
5740
8274
6206
91
5436
6596
1450
2805
663
9406
245
2691
4508
1754
9230
9974
8105
1435
3137
1138
3523
217
7695
3701
2697
4841
5617
5159
8802
373
9974
477
4084
2999
8440
172
5463
3268
4881
3227
3603
6918
8533
9411
1028
8791
1648
7597
2731
1736
3899
6266
4876
164
1251
2732
9118
3129
9142
5679
9169
8774
9176
3638
5890
4157
1467
3387
9225
5291
9118
4870
1164
8711
9205
7535
5375
7120
5365
1282
8989
4460
1693
7847
9380
124
5123
7016
3256
5102
1008
8317
9429
6478
9872
8730
7128
3523
470
9816
9468
6855
6991
387
4867
2368
9632
3767
7333
7883
1471
6249
1450
1431
2093
6867
6758
7463
9527
8779
4562
7364
5447
7239
2768
6220
2997
5395
2720
4316
2937
5282
3294
8818
6450
1975
8231
9060
5246
6069
2916
7650
7144
1127
593
6808
1372
2191
5624
5262
2558
6065
109
8660
9262
3742
2593
3221
2429
1574
1380
2590
9901
6521
2711
3233
3364
2953
2915
3826
6638
6981
5120
7385
3977
1138
8724
5495
6607
2227
9569
9801
8520
2928
1227
5367
2085
1496
7639
1003
453
5075
6379
861
9707
8895
659
217
598
1727
932
3579
1422
4617
7491
3166
1883
5390
4526
7575
2665
8592
199
333
7368
2929
7819
6651
2678
9178
6030
9752
6525
3556
4445
5796
2031
8492
71
2837
3730
1957
5346
4202
3616
8897
2866
2711
3362
9353
5466
8952
1488
7160
925
3605
3034
835
1
3975
4866
463
5575
3392
8980
8872
7075
3845
523
5835
5103
7536
190
5359
7373
5141
4824
774
2814
5889
1668
5889
8869
5170
267
6874
1683
6352
8425
4251
6482
7776
3056
1999
6974
9392
7753
335
4164
7714
2853
1492
8733
6234
6660
2780
2354
5610
2930
3319
6912
8228
2488
2868
1634
1706
688
932
5693
8276
3125
9836
9577
8801
6908
4965
3784
9316
2306
4042
4295
4190
4793
9639
3785
8355
7754
1002
3380
7607
5627
8258
1969
3814
9468
3196
727
9893
149
5735
5316
1576
6474
4065
3108
4472
1788
6706
880
3217
9662
3785
8938
2430
9972
8719
560
2312
4615
5065
5135
5862
5492
6476
733
9743
6535
4400
5377
4257
701
7004
2531
7214
9318
9182
4759
5910
4690
1647
3607
4881
5522
3659
9327
6794
9989
689
2224
9943
5812
3577
5032
6775
523
896
4652
7603
385
790
8306
5108
1904
7105
5017
3503
3507
8109
1573
8828
2540
5688
9311
1351
7510
9876
6259
582
1022
4562
7466
306
9859
22
6510
9424
4202
1865
2936
2698
5540
3526
1044
5284
1666
2471
4370
7896
3390
1239
8311
7067
9120
7105
1322
6309
6926
9365
2264
1731
4314
3961
1711
2676
5713
2232
5224
7129
9513
4371
305
9920
2892
2723
2651
9953
2804
9561
1941
6812
7129
8654
9761
7515
3326
2784
7783
4139
1647
4403
1055
2293
3000
7781
5689
1824
1747
2885
7446
9372
3253
2768
785
3387
8701
7884
7124
9080
6151
6680
2418
8347
6606
9248
7398
1414
9105
1503
6109
4108
8407
3305
6645
8403
2430
4502
7934
5453
7794
9408
2732
7643
39
8772
973
14
9396
4250
7127
3714
6852
4159
4305
928
2002
8531
261
7698
7690
4806
8456
9887
2869
4944
7859
1236
3188
7631
8580
353
7492
1405
5858
6779
7463
612
6499
3609
5856
4987
9302
7425
5342
6480
7406
759
1988
3924
9884
8615
1208
2868
824
2287
8647
2940
3800
6411
3503
3221
5061
9588
3041
3028
2410
787
566
3942
6160
2570
1093
2804
6181
9259
4805
7369
9736
1111
8975
6902
5212
1914
4559
5992
8391
3713
2277
4662
2454
8270
6887
4128
1134
9704
6702
3164
5850
3051
9098
1610
826
7336
8240
8893
2392
2864
5744
3423
7542
3471
3229
5391
9091
235
9533
4463
6074
5515
1975
541
4973
3416
9676
5346
2338
1662
4758
1157
5165
4399
3312
3210
2858
6828
7896
7719
7653
4422
8499
5876
7061
2027
7661
8377
515
591
9718
9156
8451
4784
2180
2878
8165
8470
6741
4844
2858
1224
575
7359
7012
7665
3277
2302
2503
1303
5765
5897
5066
425
5548
5031
4287
4793
6210
3973
922
3908
9685
4904
2705
2554
8730
5904
3612
7440
5236
6728
2303
4395
8897
5005
5764
4234
6667
1689
5965
9134
8069
3792
5098
9608
1636
4912
8400
4576
3448
3134
914
1547
4421
2826
7702
8697
5268
275
1230
9515
1588
6177
1319
9849
5660
3972
7713
9924
6081
6608
9716
4652
8124
669
6437
7104
1037
5339
4619
8514
4299
6573
3798
9208
5456
9843
3001
5500
3868
1282
817
8434
5437
2323
4496
3625
1137
8071
5714
6173
6803
6683
5996
3864
6917
7522
9569
7606
4389
4370
8370
715
4871
4356
5191
1181
9445
7265
7534
2644
135
8830
1524
9701
4904
4097
191
9745
6828
2237
7283
272
6670
6633
7641
3700
2522
5191
3191
4937
97
5286
4725
6078
9768
7183
3801
3201
2230
1181
2743
4449
4090
6013
6500
6772
8994
590
3553
5211
161
2454
9564
3785
8021
814
1337
8003
4009
6359
3051
8610
9494
7599
8234
78
238
1429
7221
7705
5935
136
5087
7598
71
4318
5928
2955
5885
5289
5671
844
9706
2074
3743
6371
6343
2973
7930
4975
8814
5013
2998
321
6845
804
195
9488
9162
4449
4940
7541
867
2854
2620
1472
1057
8466
2042
7628
5221
3967
4734
9644
1348
8988
8890
4106
1625
9412
3040
1922
6128
3704
4042
6846
6154
3518
4395
1988
5197
5559
4343
1074
7448
3925
8520
