10000
3
4
5
7
8
10
10
10
11
13
15
16
17
19
22
22
25
25
25
25
26
27
27
30
30
31
33
34
34
35
35
35
36
38
39
40
40
42
42
42
42
44
44
44
45
46
46
47
49
49
49
50
51
54
57
57
58
58
58
59
61
63
66
66
67
67
71
73
73
74
75
75
76
78
78
78
82
84
84
85
86
88
89
92
92
93
93
94
96
96
96
97
98
99
99
100
102
103
103
103
103
103
105
108
108
109
109
111
114
116
116
118
118
119
119
120
121
122
124
126
126
126
128
132
132
133
135
137
137
137
138
140
142
142
144
144
146
147
148
149
149
149
149
150
150
151
151
153
154
155
158
158
160
161
162
164
165
166
167
169
170
171
171
171
172
174
174
176
177
178
179
180
180
181
181
183
184
185
186
188
190
191
191
191
196
197
197
197
198
199
202
203
206
207
207
207
208
208
209
209
210
212
212
213
214
215
215
216
216
217
218
218
222
222
223
223
223
225
230
230
230
231
234
234
234
234
234
235
236
239
240
241
246
246
252
253
255
256
258
259
260
262
262
262
263
264
265
265
266
268
269
270
272
273
274
275
276
276
276
278
278
279
279
279
280
283
284
284
285
286
286
286
288
288
290
292
293
293
294
294
296
296
299
300
300
302
303
304
305
305
306
306
310
311
312
312
315
316
317
317
318
319
320
321
322
323
323
323
323
324
325
325
328
329
331
331
331
332
333
334
334
336
336
339
340
344
345
346
347
348
349
350
350
351
352
353
353
354
354
354
355
356
357
358
358
359
359
360
360
361
362
364
364
365
365
365
365
366
367
367
369
370
371
373
373
374
375
376
378
378
380
380
381
381
383
385
386
387
387
388
393
394
397
398
399
400
403
404
404
405
405
405
408
410
411
413
414
414
414
414
415
415
415
416
416
417
417
418
420
423
423
423
424
427
427
430
430
431
431
434
435
437
437
439
440
442
442
443
444
446
447
447
449
449
449
450
450
451
451
453
454
457
460
462
463
463
463
464
464
465
467
468
471
474
476
478
480
481
482
483
483
483
484
485
485
486
487
489
489
489
490
491
491
494
494
495
496
498
499
499
500
500
501
501
501
509
510
511
512
512
513
516
517
517
518
521
522
522
522
522
523
524
526
527
528
531
531
533
533
534
534
535
536
536
537
538
539
543
543
543
544
548
548
550
551
552
552
552
555
557
559
560
561
561
562
565
566
566
567
567
568
575
576
577
577
578
579
581
581
581
582
582
582
582
582
583
584
585
586
586
586
587
588
589
589
589
591
594
594
595
596
597
597
598
600
600
601
601
601
601
604
606
607
608
608
608
609
613
613
614
614
615
617
619
619
620
622
622
624
625
625
625
627
628
630
632
633
634
634
634
636
636
636
637
638
638
639
639
639
639
643
644
647
649
650
650
651
653
654
654
657
658
659
662
663
663
663
665
665
665
666
668
669
669
669
669
670
672
674
675
678
680
680
683
684
684
686
686
687
687
688
689
692
693
693
694
695
696
696
696
697
698
698
699
699
701
703
706
708
708
709
710
710
710
712
712
713
713
714
716
716
717
718
719
719
720
721
725
726
728
729
730
732
734
734
736
736
737
738
738
739
739
740
741
744
744
747
748
753
758
760
762
763
763
764
764
764
764
764
765
766
766
766
767
768
768
768
769
769
771
771
771
773
774
776
776
777
777
778
779
779
779
783
783
784
785
786
787
787
790
790
791
793
793
793
793
794
795
795
797
797
798
798
799
801
801
802
804
805
805
806
808
809
810
811
811
812
813
814
815
815
816
818
819
819
819
821
822
822
823
823
825
826
827
827
828
829
829
830
830
831
831
833
833
834
836
837
838
838
841
841
843
843
844
844
844
845
846
849
852
854
855
855
855
856
862
863
865
866
867
867
868
868
869
869
869
870
873
874
875
876
877
879
880
880
880
881
882
882
883
890
890
890
891
891
892
894
895
896
896
901
902
902
902
902
903
903
903
904
904
907
910
910
912
912
912
913
914
916
916
917
917
917
918
918
920
920
920
920
923
925
926
929
932
934
935
935
936
939
942
945
945
945
946
946
947
951
952
954
956
958
958
959
962
964
964
965
965
967
967
967
969
970
970
971
972
972
974
974
975
975
976
978
978
979
980
982
985
987
989
989
990
992
994
994
995
996
997
997
997
998
1000
1001
1002
1003
1003
1003
1004
1004
1005
1006
1008
1009
1009
1010
1011
1011
1011
1011
1015
1016
1020
1021
1021
1021
1022
1023
1023
1023
1024
1024
1024
1025
1027
1027
1028
1031
1031
1031
1032
1035
1035
1037
1039
1039
1040
1041
1041
1041
1042
1046
1046
1046
1050
1051
1055
1055
1056
1057
1058
1059
1060
1061
1062
1063
1069
1069
1070
1070
1072
1073
1073
1074
1074
1076
1076
1077
1077
1079
1079
1083
1085
1085
1085
1087
1087
1087
1087
1088
1089
1090
1091
1092
1092
1093
1094
1094
1096
1099
1100
1100
1101
1102
1102
1102
1105
1105
1105
1105
1109
1109
1113
1115
1117
1118
1118
1118
1121
1122
1122
1123
1123
1123
1124
1124
1124
1125
1126
1127
1129
1130
1132
1133
1134
1134
1135
1135
1135
1135
1136
1136
1139
1139
1140
1140
1141
1142
1144
1146
1147
1147
1148
1150
1150
1151
1152
1153
1153
1153
1154
1155
1156
1157
1158
1159
1159
1160
1161
1162
1164
1164
1166
1166
1166
1168
1169
1170
1170
1171
1171
1171
1172
1172
1173
1173
1177
1178
1179
1179
1181
1184
1185
1186
1186
1189
1191
1192
1193
1194
1195
1195
1195
1196
1196
1196
1197
1197
1198
1198
1198
1199
1201
1202
1205
1206
1206
1209
1210
1210
1213
1213
1214
1215
1217
1219
1220
1220
1221
1221
1221
1222
1222
1226
1227
1228
1228
1228
1231
1232
1233
1233
1234
1235
1236
1238
1238
1238
1239
1239
1239
1240
1240
1243
1243
1244
1245
1245
1246
1246
1247
1249
1250
1251
1256
1257
1258
1259
1261
1262
1263
1264
1265
1267
1267
1270
1270
1270
1271
1271
1272
1273
1273
1273
1274
1275
1275
1275
1277
1278
1280
1280
1280
1280
1281
1281
1282
1283
1283
1285
1287
1287
1287
1287
1291
1291
1293
1293
1293
1293
1294
1297
1297
1298
1298
1300
1300
1300
1302
1303
1305
1305
1306
1306
1307
1307
1308
1309
1311
1314
1314
1314
1316
1316
1319
1319
1321
1322
1323
1324
1324
1325
1328
1330
1331
1331
1332
1333
1333
1334
1336
1337
1342
1342
1343
1344
1344
1344
1346
1346
1347
1347
1347
1348
1348
1351
1354
1354
1356
1357
1357
1363
1364
1364
1364
1364
1364
1367
1371
1371
1371
1372
1372
1373
1374
1375
1376
1377
1378
1379
1379
1380
1380
1380
1380
1381
1382
1384
1385
1386
1388
1390
1391
1392
1394
1394
1394
1395
1395
1395
1396
1396
1396
1398
1398
1398
1400
1402
1403
1404
1406
1407
1407
1409
1409
1410
1411
1411
1412
1412
1412
1413
1414
1414
1415
1417
1418
1418
1419
1419
1420
1420
1421
1421
1423
1424
1424
1425
1426
1428
1429
1430
1430
1430
1433
1434
1436
1436
1437
1437
1438
1438
1441
1443
1445
1445
1446
1446
1447
1448
1448
1449
1450
1451
1452
1453
1453
1454
1454
1454
1455
1455
1456
1457
1457
1458
1459
1463
1464
1465
1466
1470
1471
1471
1471
1473
1474
1475
1476
1477
1478
1478
1478
1479
1479
1479
1479
1481
1481
1483
1484
1484
1484
1485
1487
1488
1488
1489
1490
1490
1491
1492
1494
1495
1496
1496
1497
1497
1497
1499
1499
1500
1501
1502
1503
1505
1506
1506
1506
1506
1507
1507
1507
1507
1509
1510
1512
1514
1515
1517
1520
1524
1524
1526
1526
1526
1530
1532
1533
1534
1534
1535
1536
1536
1536
1538
1539
1539
1541
1541
1544
1545
1547
1547
1547
1549
1551
1552
1553
1554
1555
1557
1557
1565
1565
1566
1569
1569
1571
1571
1573
1573
1574
1574
1576
1577
1578
1578
1579
1579
1583
1586
1586
1586
1587
1587
1587
1588
1588
1589
1590
1591
1591
1593
1593
1593
1594
1594
1595
1595
1595
1596
1597
1597
1601
1603
1604
1606
1606
1607
1607
1609
1610
1610
1613
1616
1616
1616
1618
1619
1620
1620
1621
1621
1622
1624
1624
1626
1626
1629
1630
1631
1632
1635
1636
1636
1637
1638
1638
1639
1640
1640
1641
1641
1644
1644
1649
1650
1651
1651
1653
1654
1655
1655
1657
1657
1657
1659
1659
1660
1660
1662
1664
1664
1665
1665
1666
1667
1670
1671
1671
1672
1673
1674
1674
1674
1676
1677
1680
1681
1681
1682
1682
1686
1686
1686
1687
1687
1688
1688
1689
1689
1692
1693
1694
1695
1695
1697
1698
1699
1700
1700
1701
1703
1703
1703
1703
1705
1706
1709
1714
1715
1718
1720
1720
1723
1724
1725
1725
1726
1727
1728
1728
1728
1731
1731
1732
1732
1733
1734
1734
1735
1736
1736
1737
1738
1740
1741
1742
1742
1743
1744
1745
1746
1747
1750
1750
1750
1751
1752
1752
1753
1754
1755
1755
1756
1756
1756
1757
1757
1757
1758
1760
1761
1761
1762
1763
1763
1764
1766
1766
1766
1768
1768
1770
1772
1772
1772
1773
1775
1776
1776
1777
1777
1778
1778
1780
1780
1782
1782
1783
1783
1784
1784
1785
1787
1788
1788
1789
1791
1792
1792
1794
1794
1797
1800
1802
1803
1808
1809
1809
1810
1810
1811
1812
1812
1812
1814
1814
1815
1815
1818
1819
1820
1820
1820
1821
1821
1824
1825
1825
1828
1828
1829
1830
1830
1830
1831
1833
1833
1835
1837
1837
1838
1838
1841
1844
1847
1847
1847
1847
1848
1849
1851
1851
1853
1854
1855
1855
1855
1856
1857
1857
1859
1861
1866
1867
1867
1871
1871
1871
1873
1875
1878
1878
1879
1880
1883
1883
1884
1887
1888
1889
1891
1891
1891
1892
1892
1893
1895
1896
1896
1897
1898
1898
1899
1901
1903
1908
1909
1909
1912
1915
1915
1916
1917
1918
1918
1921
1922
1923
1923
1923
1924
1926
1927
1927
1928
1928
1928
1930
1930
1931
1931
1933
1933
1934
1934
1936
1937
1938
1939
1942
1942
1944
1944
1944
1944
1944
1944
1945
1947
1949
1949
1949
1953
1953
1954
1955
1955
1964
1964
1967
1967
1968
1968
1968
1969
1970
1971
1971
1974
1974
1975
1975
1976
1976
1978
1979
1980
1981
1981
1983
1983
1989
1992
1996
1997
2001
2001
2002
2003
2006
2007
2008
2009
2011
2012
2017
2017
2019
2020
2022
2023
2027
2027
2028
2029
2031
2031
2034
2034
2035
2035
2036
2037
2038
2038
2038
2040
2040
2041
2041
2043
2044
2045
2045
2046
2048
2049
2049
2049
2050
2050
2051
2052
2054
2055
2058
2061
2062
2063
2064
2066
2066
2066
2068
2070
2071
2071
2072
2073
2074
2074
2075
2075
2078
2079
2080
2081
2083
2083
2083
2084
2085
2085
2086
2087
2087
2088
2088
2091
2091
2094
2097
2098
2098
2098
2099
2100
2100
2100
2101
2104
2104
2105
2106
2107
2108
2109
2109
2110
2112
2114
2121
2123
2124
2125
2126
2126
2127
2130
2130
2133
2133
2134
2135
2135
2136
2137
2139
2139
2140
2141
2142
2144
2144
2146
2147
2147
2149
2150
2156
2157
2158
2159
2163
2165
2165
2166
2170
2171
2172
2174
2174
2175
2177
2177
2177
2178
2178
2178
2180
2182
2183
2186
2187
2188
2188
2191
2192
2194
2196
2198
2198
2198
2199
2201
2201
2201
2201
2201
2202
2203
2207
2208
2209
2210
2211
2212
2214
2216
2217
2218
2219
2219
2219
2221
2221
2221
2224
2225
2226
2226
2226
2227
2227
2231
2231
2233
2233
2234
2234
2234
2235
2237
2237
2240
2241
2241
2241
2242
2243
2247
2251
2252
2253
2254
2254
2256
2256
2257
2259
2260
2260
2260
2261
2261
2264
2266
2266
2266
2266
2267
2268
2269
2269
2269
2270
2270
2271
2272
2272
2273
2273
2273
2275
2276
2280
2281
2281
2282
2284
2284
2285
2285
2285
2286
2289
2289
2290
2294
2294
2295
2297
2297
2299
2299
2300
2301
2302
2302
2302
2303
2304
2305
2306
2306
2306
2308
2308
2309
2309
2310
2310
2311
2312
2312
2313
2316
2318
2319
2320
2320
2320
2321
2322
2323
2323
2325
2327
2330
2330
2331
2332
2333
2334
2334
2335
2335
2336
2338
2338
2339
2340
2340
2340
2341
2342
2342
2342
2345
2346
2346
2347
2347
2347
2354
2355
2356
2356
2359
2359
2360
2364
2366
2369
2369
2371
2371
2374
2377
2377
2378
2380
2381
2381
2382
2383
2384
2385
2386
2388
2388
2391
2393
2393
2393
2393
2395
2397
2398
2398
2398
2400
2400
2402
2404
2405
2405
2407
2408
2410
2411
2411
2411
2412
2414
2415
2416
2418
2422
2423
2424
2424
2425
2428
2429
2429
2431
2432
2432
2433
2433
2434
2435
2436
2438
2439
2439
2440
2440
2441
2441
2441
2443
2443
2447
2448
2449
2451
2453
2453
2456
2456
2457
2457
2458
2459
2460
2460
2461
2461
2461
2462
2465
2465
2468
2469
2470
2470
2471
2471
2471
2472
2479
2481
2481
2483
2483
2486
2487
2488
2488
2489
2489
2490
2491
2494
2495
2497
2497
2499
2499
2500
2500
2502
2504
2504
2505
2505
2506
2507
2507
2507
2507
2507
2508
2510
2511
2511
2513
2514
2515
2516
2517
2517
2517
2517
2519
2519
2521
2522
2522
2522
2523
2523
2524
2526
2527
2528
2529
2530
2530
2530
2530
2532
2532
2532
2533
2533
2534
2534
2535
2536
2537
2539
2540
2540
2542
2543
2544
2544
2544
2546
2546
2546
2547
2547
2547
2547
2548
2549
2553
2556
2557
2558
2558
2560
2561
2562
2563
2565
2565
2568
2571
2571
2576
2578
2578
2581
2582
2583
2585
2586
2587
2587
2587
2587
2588
2588
2589
2591
2592
2593
2593
2594
2595
2595
2595
2596
2597
2598
2599
2599
2600
2603
2604
2605
2605
2606
2608
2608
2609
2609
2610
2612
2612
2614
2616
2616
2617
2621
2621
2622
2622
2623
2623
2623
2623
2625
2626
2627
2628
2628
2631
2631
2632
2633
2635
2638
2638
2641
2642
2643
2646
2646
2649
2649
2649
2650
2650
2650
2652
2653
2653
2654
2654
2655
2655
2656
2656
2658
2658
2659
2660
2661
2661
2662
2662
2662
2663
2665
2666
2668
2668
2670
2673
2675
2675
2675
2676
2679
2679
2680
2681
2683
2684
2685
2687
2688
2688
2689
2689
2689
2690
2692
2693
2694
2697
2697
2698
2700
2701
2702
2703
2704
2704
2705
2706
2706
2706
2708
2709
2710
2711
2711
2712
2714
2716
2719
2720
2721
2721
2723
2723
2724
2724
2726
2727
2729
2730
2731
2732
2733
2734
2735
2736
2737
2740
2741
2741
2741
2743
2744
2746
2746
2746
2746
2746
2747
2747
2748
2749
2751
2753
2753
2753
2753
2755
2756
2756
2757
2757
2760
2760
2764
2765
2765
2766
2767
2767
2767
2769
2771
2771
2772
2772
2773
2774
2774
2776
2776
2777
2778
2778
2778
2779
2779
2780
2781
2782
2784
2786
2787
2787
2788
2789
2789
2789
2794
2794
2795
2795
2798
2799
2801
2802
2802
2802
2806
2806
2808
2810
2812
2812
2815
2816
2816
2816
2816
2817
2818
2820
2821
2823
2823
2824
2825
2825
2826
2826
2827
2829
2831
2832
2833
2834
2837
2837
2838
2838
2839
2840
2840
2840
2840
2840
2843
2843
2844
2845
2847
2848
2848
2848
2851
2853
2853
2853
2854
2855
2856
2856
2858
2859
2859
2859
2861
2862
2863
2866
2866
2867
2867
2868
2870
2871
2872
2873
2873
2874
2874
2875
2875
2875
2876
2876
2877
2877
2879
2882
2882
2883
2884
2885
2885
2885
2888
2889
2889
2889
2889
2890
2891
2892
2893
2894
2894
2895
2896
2896
2898
2898
2900
2901
2902
2903
2907
2908
2908
2908
2909
2909
2909
2910
2910
2911
2913
2913
2915
2915
2918
2918
2918
2918
2919
2919
2919
2920
2920
2920
2921
2921
2921
2922
2923
2924
2924
2925
2925
2926
2927
2929
2930
2931
2931
2931
2933
2936
2937
2937
2939
2939
2939
2940
2940
2940
2940
2940
2941
2943
2944
2945
2947
2947
2948
2948
2950
2950
2951
2952
2952
2953
2954
2955
2956
2958
2959
2960
2962
2962
2963
2963
2964
2966
2967
2967
2967
2969
2970
2971
2972
2973
2973
2973
2974
2974
2976
2976
2978
2978
2978
2979
2980
2981
2981
2983
2984
2985
2986
2988
2992
2992
2994
2994
2994
2997
3000
3002
3005
3008
3009
3012
3012
3013
3014
3014
3015
3017
3017
3018
3018
3019
3021
3022
3023
3023
3023
3025
3026
3029
3029
3031
3031
3031
3032
3033
3034
3034
3035
3035
3036
3039
3039
3044
3044
3045
3046
3046
3046
3047
3048
3049
3053
3054
3055
3055
3056
3056
3056
3057
3057
3058
3059
3059
3059
3060
3060
3061
3061
3061
3063
3068
3069
3070
3070
3070
3073
3074
3074
3075
3076
3077
3077
3079
3079
3080
3083
3083
3083
3084
3085
3086
3090
3091
3091
3092
3094
3096
3098
3099
3099
3100
3102
3102
3102
3102
3103
3105
3106
3106
3107
3107
3109
3112
3113
3114
3116
3118
3118
3119
3119
3119
3120
3120
3122
3122
3124
3125
3129
3129
3130
3130
3130
3132
3132
3133
3133
3134
3134
3135
3138
3138
3139
3140
3141
3141
3144
3144
3145
3146
3146
3146
3148
3150
3151
3152
3152
3154
3154
3154
3155
3155
3156
3157
3157
3158
3158
3159
3160
3160
3161
3161
3164
3164
3165
3165
3166
3166
3167
3168
3169
3169
3170
3170
3170
3171
3171
3172
3173
3174
3175
3175
3176
3177
3180
3180
3180
3182
3182
3184
3186
3186
3186
3186
3188
3189
3190
3191
3192
3192
3194
3194
3194
3195
3195
3195
3196
3196
3200
3201
3202
3203
3206
3206
3208
3208
3211
3211
3211
3212
3213
3216
3218
3220
3223
3223
3224
3225
3225
3226
3226
3227
3228
3228
3230
3231
3232
3235
3235
3235
3236
3239
3240
3241
3244
3244
3245
3245
3247
3247
3247
3247
3249
3250
3250
3251
3251
3253
3255
3255
3255
3256
3256
3257
3257
3260
3261
3262
3262
3263
3263
3265
3266
3266
3267
3268
3268
3268
3269
3272
3272
3275
3277
3278
3278
3279
3279
3280
3280
3281
3281
3282
3285
3286
3287
3287
3288
3289
3290
3290
3291
3291
3291
3293
3293
3293
3293
3295
3296
3296
3297
3299
3299
3300
3300
3301
3302
3303
3304
3305
3305
3307
3308
3309
3309
3310
3310
3312
3312
3315
3316
3316
3317
3317
3317
3320
3322
3322
3324
3325
3325
3325
3327
3328
3329
3329
3330
3331
3333
3334
3334
3337
3338
3338
3338
3341
3341
3343
3345
3346
3346
3346
3348
3349
3351
3352
3352
3353
3355
3355
3361
3361
3362
3366
3366
3366
3369
3371
3371
3372
3374
3375
3376
3377
3377
3378
3380
3381
3382
3383
3383
3384
3385
3386
3388
3389
3389
3392
3392
3393
3393
3393
3394
3398
3399
3399
3399
3404
3404
3409
3410
3411
3414
3414
3416
3416
3416
3417
3417
3417
3420
3420
3423
3424
3424
3426
3428
3428
3430
3435
3439
3440
3443
3443
3444
3445
3446
3446
3446
3449
3451
3453
3453
3454
3455
3457
3458
3461
3461
3462
3463
3463
3464
3464
3464
3466
3468
3469
3470
3471
3471
3474
3476
3476
3477
3478
3479
3479
3480
3484
3488
3490
3490
3490
3491
3491
3492
3494
3495
3497
3497
3498
3502
3502
3502
3503
3503
3504
3504
3504
3505
3506
3506
3507
3508
3511
3512
3512
3514
3516
3516
3517
3518
3519
3519
3519
3521
3522
3523
3525
3526
3526
3526
3527
3527
3529
3530
3532
3532
3533
3535
3535
3536
3536
3536
3536
3536
3536
3536
3538
3540
3542
3544
3545
3546
3546
3548
3550
3554
3554
3555
3556
3557
3559
3560
3561
3561
3562
3562
3562
3563
3564
3565
3566
3567
3568
3568
3570
3570
3570
3573
3573
3574
3577
3577
3577
3578
3579
3579
3579
3580
3580
3581
3582
3582
3583
3584
3586
3586
3587
3587
3587
3588
3588
3588
3589
3589
3589
3593
3593
3594
3594
3594
3594
3595
3597
3598
3601
3603
3603
3606
3606
3607
3607
3608
3608
3609
3610
3611
3611
3612
3613
3613
3616
3617
3617
3617
3618
3619
3620
3620
3621
3621
3622
3623
3623
3624
3625
3625
3626
3626
3626
3627
3628
3629
3630
3631
3632
3632
3634
3637
3637
3639
3643
3645
3646
3647
3648
3648
3650
3650
3652
3654
3655
3656
3656
3657
3657
3658
3659
3659
3660
3660
3662
3662
3662
3662
3664
3664
3665
3665
3666
3666
3666
3667
3667
3668
3668
3669
3670
3670
3672
3674
3675
3677
3677
3681
3682
3683
3683
3684
3685
3686
3686
3688
3691
3692
3694
3694
3695
3695
3696
3696
3697
3698
3701
3701
3703
3703
3708
3713
3713
3716
3716
3716
3717
3717
3718
3719
3719
3720
3722
3722
3723
3724
3724
3725
3725
3726
3727
3727
3727
3728
3729
3730
3730
3732
3733
3734
3734
3735
3735
3736
3741
3741
3742
3742
3742
3743
3743
3743
3744
3745
3748
3749
3750
3751
3751
3751
3752
3753
3753
3754
3754
3754
3755
3756
3756
3758
3759
3760
3760
3760
3760
3760
3761
3762
3762
3763
3764
3764
3765
3765
3766
3768
3769
3770
3773
3773
3774
3775
3778
3780
3780
3780
3782
3783
3783
3783
3785
3786
3789
3790
3790
3792
3792
3793
3794
3795
3797
3798
3800
3802
3802
3803
3804
3805
3808
3809
3809
3810
3814
3814
3814
3814
3815
3816
3816
3817
3817
3817
3819
3819
3820
3821
3822
3824
3826
3828
3828
3828
3831
3833
3835
3836
3840
3840
3843
3850
3852
3853
3853
3854
3855
3856
3857
3857
3859
3860
3862
3863
3864
3864
3866
3867
3868
3868
3869
3870
3870
3871
3871
3873
3873
3873
3873
3874
3875
3878
3878
3882
3885
3886
3887
3888
3888
3888
3890
3890
3893
3894
3894
3895
3895
3899
3900
3900
3900
3900
3901
3905
3907
3908
3909
3910
3912
3912
3913
3916
3918
3922
3923
3923
3923
3925
3925
3926
3926
3926
3926
3927
3927
3930
3930
3930
3931
3935
3936
3940
3940
3941
3943
3946
3948
3948
3949
3949
3949
3951
3952
3952
3955
3956
3956
3958
3959
3960
3961
3961
3961
3961
3961
3964
3964
3965
3966
3967
3967
3967
3970
3972
3972
3973
3976
3976
3978
3979
3979
3980
3981
3982
3982
3983
3983
3983
3984
3984
3985
3986
3987
3988
3988
3988
3989
3989
3990
3990
3990
3992
3994
3994
3995
3995
3997
3997
3999
4000
4000
4000
4000
4002
4002
4003
4003
4004
4004
4005
4005
4005
4006
4006
4008
4009
4010
4012
4012
4013
4013
4014
4014
4015
4015
4016
4017
4018
4018
4019
4021
4021
4022
4023
4023
4025
4025
4026
4026
4028
4030
4031
4031
4033
4033
4036
4036
4037
4037
4037
4038
4039
4041
4041
4043
4043
4043
4049
4050
4052
4052
4054
4054
4055
4056
4058
4060
4062
4062
4062
4063
4065
4066
4066
4069
4070
4070
4071
4071
4072
4076
4077
4078
4078
4079
4080
4081
4084
4084
4084
4085
4087
4087
4087
4089
4090
4092
4093
4093
4093
4094
4095
4096
4096
4097
4098
4098
4099
4100
4100
4101
4102
4102
4104
4105
4107
4107
4110
4111
4112
4112
4113
4114
4114
4115
4116
4117
4117
4117
4117
4119
4119
4120
4120
4121
4121
4122
4123
4123
4126
4126
4127
4128
4129
4130
4130
4132
4132
4134
4134
4137
4137
4138
4141
4144
4146
4150
4150
4150
4150
4150
4151
4153
4155
4155
4155
4155
4156
4156
4157
4159
4159
4160
4161
4163
4163
4164
4165
4166
4167
4167
4169
4171
4172
4173
4175
4175
4177
4178
4181
4181
4182
4183
4183
4184
4186
4187
4188
4188
4189
4189
4190
4192
4193
4193
4193
4193
4195
4196
4197
4198
4199
4201
4203
4203
4204
4205
4206
4206
4207
4207
4208
4211
4214
4214
4214
4216
4218
4219
4221
4221
4222
4222
4222
4225
4225
4225
4226
4227
4230
4231
4233
4234
4236
4236
4237
4237
4239
4239
4240
4240
4241
4241
4242
4245
4246
4250
4252
4253
4253
4254
4254
4255
4256
4257
4258
4258
4258
4258
4259
4259
4259
4259
4261
4261
4263
4264
4268
4270
4276
4276
4277
4278
4278
4279
4279
4280
4280
4281
4281
4283
4284
4284
4286
4287
4287
4289
4289
4290
4292
4293
4293
4293
4293
4293
4295
4298
4298
4301
4302
4303
4303
4306
4306
4308
4310
4312
4312
4313
4314
4314
4314
4317
4318
4320
4321
4321
4322
4323
4323
4323
4324
4326
4326
4333
4334
4334
4334
4335
4336
4337
4339
4341
4342
4343
4343
4344
4345
4346
4347
4347
4350
4350
4350
4352
4352
4352
4353
4353
4354
4355
4355
4357
4358
4359
4361
4362
4362
4365
4366
4367
4367
4368
4368
4369
4371
4371
4371
4372
4372
4372
4373
4376
4378
4378
4378
4379
4379
4380
4380
4381
4381
4384
4384
4385
4385
4386
4387
4390
4390
4391
4392
4394
4396
4397
4398
4399
4399
4402
4404
4404
4405
4405
4405
4405
4406
4406
4406
4407
4407
4407
4408
4408
4408
4409
4409
4411
4412
4412
4414
4415
4417
4418
4419
4421
4422
4423
4424
4424
4425
4425
4427
4428
4429
4430
4432
4432
4432
4432
4432
4434
4434
4434
4436
4436
4438
4439
4440
4441
4443
4443
4445
4446
4447
4451
4451
4451
4452
4454
4455
4456
4456
4459
4461
4462
4462
4464
4464
4466
4467
4468
4468
4468
4469
4469
4470
4472
4472
4473
4474
4476
4476
4476
4477
4478
4478
4478
4480
4480
4480
4481
4484
4484
4485
4486
4487
4488
4492
4492
4493
4494
4496
4496
4497
4497
4497
4498
4499
4499
4500
4501
4501
4502
4503
4504
4508
4508
4508
4512
4514
4514
4515
4515
4517
4517
4518
4519
4520
4522
4522
4522
4525
4525
4526
4526
4529
4529
4529
4530
4531
4531
4532
4533
4534
4535
4536
4536
4537
4537
4540
4541
4541
4542
4542
4542
4542
4543
4543
4543
4544
4544
4544
4545
4546
4546
4546
4548
4550
4551
4552
4553
4553
4554
4555
4557
4557
4557
4557
4557
4558
4558
4558
4559
4560
4560
4561
4563
4564
4567
4572
4573
4574
4575
4576
4576
4577
4578
4580
4581
4582
4582
4582
4584
4584
4585
4589
4591
4591
4592
4593
4593
4594
4595
4601
4601
4604
4604
4607
4608
4609
4610
4611
4612
4612
4616
4617
4619
4620
4620
4621
4622
4623
4624
4624
4625
4630
4631
4631
4634
4634
4634
4635
4637
4637
4641
4642
4644
4644
4645
4645
4645
4645
4645
4647
4648
4650
4650
4650
4651
4652
4653
4654
4655
4656
4657
4657
4659
4659
4659
4660
4661
4661
4661
4662
4662
4665
4666
4668
4668
4669
4669
4671
4671
4671
4673
4674
4675
4675
4675
4676
4678
4678
4678
4679
4679
4681
4683
4685
4685
4687
4690
4690
4690
4690
4690
4691
4692
4692
4694
4695
4696
4698
4699
4700
4701
4701
4701
4705
4706
4706
4706
4706
4707
4710
4712
4716
4717
4717
4720
4721
4722
4723
4723
4726
4726
4726
4727
4731
4731
4732
4734
4737
4739
4739
4739
4748
4748
4748
4749
4750
4752
4752
4755
4755
4756
4756
4757
4760
4760
4761
4762
4762
4763
4765
4766
4769
4769
4771
4772
4774
4775
4775
4778
4778
4778
4779
4779
4780
4780
4782
4783
4785
4786
4786
4786
4789
4790
4791
4791
4791
4791
4792
4793
4793
4795
4797
4797
4797
4798
4798
4799
4800
4802
4804
4804
4805
4805
4805
4806
4807
4807
4813
4813
4814
4814
4815
4817
4820
4823
4824
4824
4827
4829
4830
4830
4832
4835
4835
4837
4837
4838
4838
4839
4841
4841
4842
4844
4845
4846
4847
4848
4849
4849
4850
4851
4852
4853
4853
4857
4858
4858
4858
4860
4860
4860
4860
4860
4861
4862
4862
4863
4864
4865
4867
4867
4870
4872
4873
4874
4875
4880
4882
4882
4882
4883
4883
4885
4887
4887
4888
4888
4889
4890
4891
4891
4892
4893
4894
4894
4896
4896
4897
4898
4899
4900
4901
4901
4903
4904
4906
4907
4910
4911
4912
4913
4914
4914
4915
4916
4916
4917
4918
4919
4920
4920
4920
4922
4922
4922
4924
4925
4928
4929
4929
4931
4931
4931
4931
4932
4932
4934
4937
4938
4940
4941
4941
4942
4943
4943
4944
4945
4945
4946
4948
4949
4949
4950
4951
4955
4955
4956
4957
4958
4959
4959
4959
4960
4961
4962
4962
4962
4963
4964
4968
4968
4970
4972
4973
4973
4974
4975
4977
4978
4979
4981
4981
4983
4984
4985
4985
4985
4986
4991
4992
4994
4995
4995
4996
4996
4996
4997
4998
4998
4998
4999
5002
5004
5005
5006
5008
5008
5010
5011
5011
5012
5013
5013
5014
5014
5014
5016
5016
5017
5018
5018
5023
5023
5023
5023
5026
5027
5029
5030
5032
5032
5034
5034
5035
5036
5036
5038
5039
5039
5040
5041
5041
5042
5042
5044
5045
5045
5045
5046
5047
5048
5048
5048
5049
5049
5049
5051
5051
5052
5053
5054
5054
5055
5055
5056
5056
5056
5057
5058
5060
5062
5062
5065
5065
5066
5066
5067
5067
5067
5070
5071
5072
5073
5075
5075
5076
5076
5076
5077
5081
5081
5082
5083
5084
5086
5087
5088
5088
5089
5089
5089
5090
5090
5091
5091
5092
5094
5095
5096
5097
5097
5097
5098
5100
5101
5102
5102
5103
5103
5105
5105
5106
5106
5107
5107
5109
5109
5110
5110
5111
5112
5113
5113
5114
5116
5117
5118
5121
5121
5122
5122
5123
5124
5127
5128
5128
5129
5130
5133
5134
5135
5135
5136
5136
5137
5137
5138
5139
5141
5142
5143
5143
5144
5144
5145
5147
5148
5149
5149
5150
5151
5153
5154
5155
5155
5157
5159
5160
5161
5165
5166
5167
5168
5168
5168
5168
5170
5170
5171
5171
5171
5175
5175
5175
5178
5178
5180
5181
5182
5184
5187
5188
5188
5191
5194
5194
5194
5196
5196
5197
5198
5198
5198
5198
5199
5202
5202
5203
5204
5205
5205
5205
5205
5206
5206
5206
5210
5210
5214
5214
5215
5216
5216
5216
5219
5220
5220
5222
5226
5231
5232
5234
5234
5235
5235
5238
5239
5243
5244
5244
5244
5244
5244
5245
5246
5246
5248
5248
5248
5248
5249
5250
5251
5252
5252
5252
5255
5256
5258
5259
5260
5261
5262
5263
5265
5267
5269
5270
5272
5272
5273
5274
5274
5275
5275
5276
5276
5278
5278
5279
5280
5280
5280
5281
5283
5283
5283
5283
5285
5286
5286
5287
5287
5288
5288
5289
5291
5295
5297
5298
5299
5300
5300
5301
5301
5302
5302
5303
5303
5304
5304
5304
5306
5308
5308
5311
5311
5312
5313
5315
5316
5317
5317
5321
5321
5321
5322
5323
5323
5323
5323
5324
5324
5326
5328
5329
5330
5330
5330
5331
5331
5336
5336
5337
5337
5340
5340
5341
5343
5343
5344
5344
5345
5348
5348
5348
5350
5351
5352
5354
5355
5360
5360
5360
5361
5362
5363
5363
5364
5364
5365
5366
5366
5368
5368
5370
5370
5371
5371
5372
5372
5372
5372
5373
5373
5373
5374
5374
5377
5378
5379
5380
5380
5380
5382
5382
5383
5384
5384
5385
5385
5386
5387
5387
5389
5389
5389
5390
5390
5391
5392
5393
5393
5393
5396
5396
5397
5397
5397
5400
5401
5401
5402
5406
5408
5409
5409
5410
5411
5411
5414
5415
5416
5418
5418
5418
5419
5419
5419
5420
5422
5425
5425
5425
5426
5427
5427
5428
5428
5430
5430
5430
5431
5431
5432
5434
5434
5435
5436
5436
5436
5437
5439
5440
5442
5444
5445
5447
5447
5448
5450
5451
5452
5454
5454
5455
5457
5460
5460
5463
5463
5464
5464
5467
5468
5469
5470
5471
5472
5472
5472
5473
5473
5475
5476
5478
5478
5478
5480
5481
5482
5482
5483
5484
5485
5487
5487
5488
5491
5491
5492
5492
5493
5493
5494
5494
5494
5495
5495
5498
5498
5499
5499
5501
5501
5502
5504
5504
5505
5505
5506
5507
5508
5508
5509
5511
5515
5516
5516
5516
5516
5517
5517
5518
5518
5519
5521
5522
5522
5523
5524
5524
5524
5526
5528
5529
5529
5529
5530
5533
5533
5536
5537
5538
5538
5538
5539
5539
5540
5542
5545
5545
5546
5547
5547
5547
5548
5548
5550
5551
5551
5552
5552
5553
5555
5557
5558
5562
5563
5563
5563
5564
5565
5565
5566
5566
5567
5568
5568
5570
5570
5570
5571
5572
5573
5576
5576
5577
5578
5579
5579
5579
5581
5582
5582
5582
5582
5583
5584
5585
5585
5585
5587
5587
5588
5589
5589
5591
5592
5592
5593
5594
5597
5597
5598
5603
5603
5603
5604
5605
5605
5606
5606
5606
5607
5607
5608
5608
5608
5608
5608
5609
5610
5611
5613
5620
5621
5623
5625
5626
5626
5627
5628
5631
5634
5635
5636
5638
5641
5642
5642
5643
5644
5644
5644
5645
5645
5646
5646
5647
5648
5650
5650
5651
5651
5652
5653
5654
5654
5654
5656
5656
5657
5658
5661
5661
5662
5662
5663
5663
5664
5664
5667
5668
5668
5669
5670
5670
5670
5672
5675
5675
5676
5677
5677
5677
5678
5679
5679
5681
5683
5685
5686
5687
5687
5688
5689
5694
5695
5696
5696
5696
5698
5698
5698
5699
5699
5700
5700
5701
5703
5703
5704
5704
5706
5707
5708
5709
5709
5714
5715
5715
5715
5720
5720
5720
5721
5722
5724
5724
5725
5725
5725
5729
5731
5733
5733
5733
5734
5734
5737
5738
5738
5739
5740
5741
5741
5741
5741
5742
5742
5742
5745
5746
5748
5751
5751
5752
5753
5754
5754
5755
5756
5758
5759
5760
5760
5761
5761
5762
5765
5766
5768
5768
5769
5769
5769
5771
5771
5772
5773
5774
5774
5774
5775
5775
5776
5779
5779
5780
5781
5781
5781
5782
5782
5783
5785
5785
5788
5789
5791
5793
5793
5797
5798
5798
5799
5800
5800
5801
5805
5806
5806
5807
5807
5807
5810
5810
5812
5812
5813
5813
5814
5814
5815
5816
5822
5823
5823
5824
5824
5824
5826
5827
5827
5829
5829
5829
5830
5830
5832
5832
5833
5833
5834
5834
5835
5836
5836
5837
5838
5841
5841
5842
5844
5844
5845
5845
5845
5845
5845
5848
5848
5850
5857
5857
5858
5860
5862
5862
5863
5866
5866
5868
5869
5870
5870
5872
5872
5872
5873
5874
5875
5876
5877
5880
5881
5882
5885
5886
5887
5888
5888
5888
5889
5889
5889
5891
5892
5893
5894
5895
5897
5897
5898
5899
5900
5900
5900
5900
5900
5901
5901
5901
5901
5901
5902
5903
5903
5903
5904
5904
5905
5911
5913
5913
5914
5915
5916
5917
5917
5917
5918
5918
5919
5920
5922
5923
5924
5925
5926
5926
5928
5928
5930
5930
5930
5931
5931
5931
5932
5932
5932
5932
5933
5933
5934
5936
5937
5938
5940
5940
5940
5941
5941
5942
5942
5943
5944
5945
5946
5947
5947
5947
5948
5949
5949
5949
5950
5951
5952
5953
5954
5954
5954
5955
5956
5956
5956
5957
5958
5959
5960
5961
5962
5962
5965
5966
5968
5969
5970
5973
5974
5974
5974
5976
5976
5977
5977
5980
5980
5980
5982
5983
5984
5984
5985
5986
5986
5987
5988
5989
5990
5991
5992
5994
5994
5997
5997
5998
5999
5999
6000
6001
6001
6002
6004
6005
6006
6007
6009
6009
6010
6010
6011
6013
6016
6019
6020
6020
6021
6021
6023
6024
6025
6026
6028
6029
6030
6030
6031
6031
6032
6032
6033
6033
6034
6034
6037
6038
6038
6038
6039
6039
6040
6040
6040
6041
6041
6042
6044
6045
6048
6048
6053
6054
6054
6055
6055
6055
6056
6057
6058
6061
6061
6063
6065
6066
6066
6067
6068
6070
6072
6075
6077
6078
6078
6078
6080
6080
6081
6082
6082
6082
6083
6084
6084
6085
6087
6087
6089
6089
6092
6094
6096
6104
6104
6104
6105
6107
6107
6107
6107
6108
6109
6111
6112
6113
6113
6117
6117
6120
6122
6122
6123
6123
6124
6124
6124
6126
6127
6128
6128
6128
6129
6132
6133
6133
6135
6135
6136
6136
6137
6137
6138
6139
6140
6141
6142
6143
6143
6144
6146
6147
6149
6150
6154
6154
6155
6155
6155
6158
6159
6161
6162
6162
6163
6165
6166
6169
6170
6172
6173
6174
6174
6175
6179
6179
6180
6181
6182
6183
6183
6183
6186
6187
6188
6188
6189
6191
6191
6192
6193
6193
6195
6195
6195
6196
6197
6199
6200
6200
6202
6202
6202
6205
6205
6205
6205
6206
6206
6207
6207
6209
6209
6211
6212
6212
6213
6213
6214
6216
6218
6220
6223
6224
6226
6226
6227
6228
6228
6229
6229
6230
6230
6230
6230
6230
6232
6233
6234
6235
6235
6235
6235
6236
6237
6237
6237
6238
6238
6240
6241
6241
6241
6243
6244
6245
6246
6247
6247
6249
6249
6249
6251
6251
6251
6252
6253
6255
6255
6261
6261
6262
6264
6266
6266
6267
6269
6270
6270
6272
6275
6275
6277
6277
6278
6278
6280
6282
6284
6287
6288
6288
6289
6289
6290
6290
6293
6294
6295
6296
6297
6297
6300
6303
6303
6305
6307
6308
6309
6310
6310
6312
6313
6314
6317
6320
6321
6321
6322
6322
6323
6323
6328
6328
6329
6329
6329
6331
6331
6333
6333
6335
6335
6336
6337
6339
6339
6341
6342
6342
6345
6345
6345
6346
6346
6346
6347
6347
6347
6349
6354
6354
6354
6355
6356
6357
6358
6358
6358
6358
6360
6362
6364
6364
6365
6367
6367
6368
6369
6369
6369
6372
6372
6372
6372
6374
6376
6377
6378
6380
6383
6384
6384
6384
6385
6389
6390
6390
6391
6391
6391
6393
6394
6395
6397
6397
6398
6398
6399
6400
6400
6401
6405
6405
6405
6406
6407
6409
6411
6411
6412
6412
6413
6414
6415
6417
6418
6421
6421
6422
6422
6423
6425
6427
6428
6431
6432
6432
6434
6434
6434
6437
6437
6438
6438
6438
6439
6439
6446
6447
6448
6449
6449
6450
6451
6451
6452
6452
6452
6453
6454
6458
6459
6460
6460
6461
6461
6461
6461
6462
6462
6463
6463
6465
6465
6467
6468
6469
6470
6470
6472
6473
6473
6475
6475
6477
6479
6480
6481
6482
6483
6483
6484
6488
6489
6489
6491
6493
6494
6495
6495
6496
6496
6496
6497
6497
6499
6500
6501
6501
6503
6503
6504
6505
6505
6506
6506
6507
6508
6510
6510
6511
6512
6512
6513
6514
6516
6516
6519
6521
6521
6522
6523
6525
6525
6525
6525
6526
6527
6527
6529
6530
6532
6532
6534
6534
6534
6535
6536
6537
6538
6538
6539
6539
6540
6541
6542
6543
6544
6544
6544
6545
6547
6548
6548
6551
6554
6554
6557
6557
6561
6561
6561
6561
6562
6565
6566
6568
6574
6576
6576
6577
6577
6578
6579
6580
6580
6581
6581
6582
6584
6584
6588
6590
6593
6593
6593
6593
6593
6596
6598
6598
6602
6602
6603
6603
6603
6604
6606
6606
6607
6607
6608
6608
6611
6611
6613
6613
6613
6614
6615
6617
6619
6619
6620
6621
6621
6625
6626
6626
6628
6629
6630
6632
6633
6635
6636
6636
6637
6640
6640
6640
6641
6642
6642
6642
6643
6643
6644
6644
6644
6647
6647
6648
6648
6649
6649
6649
6651
6651
6652
6652
6655
6655
6658
6659
6661
6663
6664
6665
6666
6667
6667
6669
6671
6671
6674
6674
6675
6676
6680
6681
6682
6683
6684
6684
6688
6688
6690
6690
6693
6694
6694
6694
6695
6695
6695
6697
6697
6698
6698
6699
6701
6701
6702
6702
6703
6707
6708
6710
6710
6711
6714
6714
6715
6716
6719
6720
6720
6721
6721
6723
6724
6724
6724
6724
6727
6729
6733
6733
6733
6734
6734
6735
6737
6737
6741
6741
6743
6744
6745
6745
6747
6749
6753
6753
6753
6755
6755
6755
6756
6756
6756
6757
6758
6760
6762
6764
6764
6767
6767
6768
6770
6770
6771
6772
6775
6776
6777
6778
6779
6781
6781
6781
6781
6781
6782
6782
6785
6785
6785
6786
6786
6787
6792
6793
6794
6794
6796
6797
6798
6799
6799
6800
6800
6801
6801
6804
6805
6805
6807
6807
6807
6808
6809
6809
6809
6809
6810
6812
6812
6812
6813
6814
6816
6818
6821
6821
6822
6825
6830
6831
6832
6834
6835
6836
6837
6839
6839
6841
6842
6844
6844
6844
6847
6848
6849
6849
6849
6850
6851
6851
6852
6852
6852
6852
6853
6854
6855
6860
6860
6861
6863
6864
6864
6865
6866
6867
6868
6869
6870
6870
6871
6872
6873
6873
6875
6875
6875
6876
6879
6881
6881
6881
6882
6884
6885
6888
6889
6890
6890
6891
6891
6892
6895
6896
6896
6897
6900
6903
6903
6904
6905
6906
6906
6907
6909
6910
6910
6911
6913
6915
6915
6917
6918
6920
6923
6923
6925
6927
6927
6928
6930
6930
6932
6932
6934
6934
6936
6937
6938
6941
6942
6945
6946
6947
6949
6950
6950
6952
6953
6956
6956
6956
6956
6957
6958
6958
6961
6962
6962
6963
6964
6964
6965
6966
6967
6970
6970
6974
6974
6974
6975
6975
6978
6978
6979
6980
6981
6981
6982
6983
6986
6986
6987
6988
6988
6989
6990
6991
6992
6993
6994
6995
6996
6997
6997
6999
6999
7003
7004
7006
7006
7007
7007
7007
7007
7007
7010
7011
7011
7014
7014
7014
7020
7021
7021
7023
7023
7028
7029
7029
7030
7030
7030
7032
7032
7032
7033
7035
7036
7037
7038
7039
7040
7040
7040
7042
7042
7042
7043
7044
7045
7045
7046
7046
7047
7048
7050
7050
7050
7053
7057
7058
7058
7058
7059
7059
7060
7060
7063
7064
7064
7066
7067
7067
7069
7071
7072
7074
7077
7078
7078
7080
7080
7081
7082
7082
7082
7082
7082
7083
7084
7084
7084
7085
7085
7085
7087
7087
7088
7095
7095
7096
7097
7098
7099
7101
7102
7102
7102
7104
7105
7105
7105
7105
7106
7106
7108
7109
7110
7111
7113
7113
7113
7115
7115
7115
7116
7118
7118
7119
7119
7119
7119
7120
7122
7122
7126
7126
7126
7127
7127
7128
7130
7134
7136
7136
7136
7137
7139
7141
7142
7145
7146
7148
7149
7152
7153
7153
7154
7154
7155
7155
7157
7158
7160
7161
7161
7161
7164
7166
7166
7166
7167
7168
7168
7169
7171
7171
7174
7177
7177
7178
7178
7179
7179
7180
7180
7180
7181
7182
7182
7185
7185
7186
7188
7189
7189
7189
7190
7191
7191
7191
7194
7194
7195
7195
7196
7196
7198
7199
7199
7200
7201
7202
7203
7204
7207
7209
7210
7212
7213
7214
7216
7216
7216
7217
7217
7218
7219
7219
7219
7219
7220
7221
7221
7221
7223
7224
7224
7224
7225
7226
7226
7226
7228
7229
7233
7234
7235
7236
7236
7236
7236
7238
7239
7239
7242
7242
7242
7243
7243
7244
7244
7245
7250
7250
7251
7252
7252
7253
7253
7255
7256
7256
7257
7257
7258
7258
7258
7258
7259
7259
7263
7264
7265
7265
7267
7272
7272
7273
7273
7274
7274
7275
7275
7276
7277
7277
7277
7278
7279
7279
7279
7279
7281
7281
7281
7282
7284
7285
7285
7285
7286
7286
7288
7290
7291
7291
7293
7293
7294
7295
7296
7297
7298
7299
7300
7300
7300
7301
7304
7306
7308
7308
7310
7310
7313
7314
7315
7315
7315
7316
7317
7318
7318
7318
7319
7320
7320
7320
7322
7322
7322
7325
7325
7326
7328
7329
7329
7330
7331
7332
7332
7334
7335
7336
7337
7338
7338
7339
7339
7340
7343
7345
7345
7347
7348
7350
7351
7352
7354
7354
7356
7357
7357
7357
7358
7360
7360
7360
7361
7361
7361
7363
7364
7365
7365
7367
7367
7367
7368
7368
7369
7369
7370
7372
7374
7375
7375
7381
7382
7383
7384
7384
7388
7389
7390
7391
7392
7392
7393
7393
7394
7400
7400
7400
7401
7403
7403
7404
7404
7405
7405
7405
7406
7406
7407
7407
7408
7409
7409
7410
7412
7412
7414
7415
7416
7416
7417
7419
7420
7420
7421
7421
7422
7422
7423
7423
7423
7424
7425
7426
7427
7427
7429
7429
7433
7434
7434
7439
7441
7441
7443
7445
7446
7447
7447
7451
7453
7453
7454
7456
7456
7457
7458
7460
7460
7462
7462
7463
7464
7465
7469
7469
7470
7470
7471
7471
7473
7473
7473
7474
7474
7474
7478
7479
7479
7479
7482
7483
7483
7484
7484
7486
7486
7487
7488
7491
7492
7492
7493
7494
7497
7497
7500
7502
7502
7502
7503
7503
7503
7503
7506
7507
7507
7511
7512
7512
7512
7513
7515
7516
7518
7518
7518
7518
7520
7522
7522
7525
7526
7526
7527
7527
7528
7529
7532
7534
7534
7539
7539
7540
7542
7543
7545
7546
7546
7547
7547
7548
7549
7550
7550
7553
7554
7556
7557
7557
7557
7559
7560
7560
7562
7564
7566
7567
7567
7568
7568
7568
7569
7572
7572
7572
7572
7573
7574
7579
7580
7581
7581
7582
7583
7583
7586
7587
7588
7589
7591
7594
7594
7594
7595
7595
7595
7596
7596
7597
7597
7598
7599
7601
7601
7601
7601
7601
7602
7603
7604
7604
7605
7607
7607
7608
7608
7608
7610
7611
7612
7616
7617
7618
7620
7621
7621
7622
7622
7623
7623
7623
7625
7625
7625
7627
7628
7629
7629
7630
7631
7631
7633
7633
7633
7636
7636
7637
7639
7642
7643
7644
7645
7646
7647
7650
7652
7652
7652
7653
7653
7653
7656
7656
7656
7656
7658
7660
7661
7661
7661
7662
7662
7662
7663
7665
7665
7665
7667
7667
7667
7672
7673
7676
7678
7679
7681
7681
7682
7682
7682
7683
7684
7686
7686
7688
7689
7690
7692
7692
7693
7696
7696
7696
7698
7699
7700
7702
7704
7704
7704
7705
7707
7709
7710
7710
7712
7716
7717
7718
7719
7719
7721
7721
7723
7723
7723
7724
7724
7725
7728
7729
7730
7730
7731
7732
7733
7734
7734
7736
7736
7737
7737
7738
7739
7739
7739
7741
7745
7746
7747
7747
7748
7749
7751
7755
7755
7758
7758
7760
7763
7764
7764
7765
7766
7766
7768
7769
7770
7772
7772
7773
7773
7775
7777
7779
7780
7780
7781
7781
7782
7783
7783
7784
7785
7786
7787
7789
7790
7790
7792
7792
7794
7795
7797
7797
7798
7799
7800
7801
7801
7803
7804
7806
7806
7806
7807
7809
7814
7814
7814
7816
7817
7817
7818
7818
7819
7821
7821
7821
7823
7824
7824
7825
7826
7827
7827
7828
7828
7828
7829
7829
7829
7831
7832
7832
7832
7834
7835
7835
7837
7839
7843
7843
7843
7845
7845
7845
7846
7847
7848
7851
7852
7852
7853
7854
7854
7855
7857
7858
7859
7859
7859
7860
7860
7862
7863
7863
7864
7865
7865
7866
7867
7870
7871
7871
7872
7872
7873
7874
7875
7875
7875
7875
7876
7876
7878
7879
7880
7882
7882
7883
7883
7883
7884
7886
7886
7886
7888
7890
7893
7894
7896
7897
7898
7899
7899
7900
7900
7901
7902
7902
7902
7903
7905
7905
7907
7907
7909
7910
7911
7912
7913
7916
7917
7918
7918
7918
7919
7921
7924
7924
7924
7924
7924
7925
7930
7930
7931
7937
7937
7940
7941
7941
7941
7942
7943
7943
7943
7944
7946
7946
7948
7949
7949
7949
7950
7954
7954
7954
7955
7956
7956
7957
7958
7958
7959
7962
7962
7967
7971
7971
7974
7976
7977
7978
7978
7981
7981
7983
7986
7986
7987
7987
7987
7987
7988
7988
7989
7989
7990
7991
7991
7993
7993
7995
7995
7997
7998
7998
8000
8000
8003
8004
8004
8004
8005
8005
8011
8014
8015
8015
8015
8016
8016
8017
8018
8018
8020
8021
8022
8022
8022
8023
8023
8023
8024
8024
8024
8026
8027
8027
8028
8028
8028
8029
8031
8031
8032
8035
8037
8038
8040
8040
8040
8041
8042
8042
8042
8043
8043
8045
8045
8046
8046
8048
8048
8050
8051
8054
8055
8056
8057
8057
8058
8060
8060
8060
8060
8066
8066
8068
8069
8069
8070
8070
8070
8070
8073
8074
8074
8076
8077
8077
8079
8079
8080
8081
8082
8084
8085
8085
8087
8091
8092
8092
8095
8097
8097
8098
8098
8099
8101
8102
8103
8104
8104
8104
8105
8106
8106
8106
8106
8106
8107
8107
8108
8108
8108
8110
8110
8110
8111
8111
8112
8112
8113
8114
8114
8115
8116
8117
8119
8122
8122
8122
8124
8124
8125
8127
8127
8128
8129
8129
8129
8130
8130
8131
8131
8132
8133
8135
8136
8138
8138
8143
8146
8146
8148
8148
8151
8151
8151
8154
8155
8158
8167
8169
8170
8170
8170
8171
8171
8173
8176
8176
8178
8178
8179
8180
8181
8183
8184
8185
8186
8187
8189
8190
8191
8191
8191
8193
8193
8194
8195
8197
8197
8197
8198
8201
8201
8201
8203
8204
8207
8207
8208
8208
8209
8211
8211
8213
8213
8215
8215
8216
8218
8218
8218
8219
8220
8221
8223
8223
8226
8227
8228
8229
8229
8230
8231
8231
8231
8233
8233
8236
8236
8237
8237
8240
8240
8241
8241
8242
8243
8244
8244
8245
8245
8246
8247
8248
8252
8252
8253
8254
8254
8254
8256
8258
8258
8259
8260
8260
8264
8265
8266
8267
8268
8271
8271
8274
8275
8275
8276
8277
8278
8278
8283
8284
8284
8285
8286
8287
8287
8287
8289
8291
8293
8295
8295
8297
8298
8299
8299
8300
8300
8300
8300
8301
8302
8302
8303
8305
8306
8308
8310
8311
8312
8313
8313
8314
8315
8318
8318
8320
8321
8323
8324
8324
8327
8328
8328
8331
8332
8334
8335
8336
8336
8337
8337
8337
8338
8338
8340
8341
8343
8344
8345
8346
8348
8350
8350
8352
8352
8353
8353
8355
8355
8356
8356
8359
8360
8360
8361
8363
8364
8365
8365
8366
8368
8369
8371
8371
8371
8372
8373
8373
8375
8375
8375
8375
8375
8381
8382
8383
8384
8384
8384
8386
8387
8388
8388
8389
8389
8389
8389
8392
8392
8392
8393
8393
8394
8395
8395
8397
8398
8399
8400
8400
8401
8402
8403
8404
8404
8407
8408
8408
8410
8411
8413
8414
8416
8417
8417
8419
8420
8420
8421
8421
8422
8422
8422
8422
8422
8423
8423
8424
8424
8425
8426
8427
8429
8429
8431
8431
8433
8433
8434
8434
8435
8436
8436
8437
8438
8438
8438
8439
8440
8440
8441
8441
8442
8445
8446
8446
8449
8451
8452
8452
8453
8454
8454
8457
8457
8457
8457
8457
8458
8458
8460
8460
8460
8461
8464
8464
8465
8465
8465
8466
8469
8469
8471
8473
8474
8474
8477
8478
8479
8479
8480
8481
8481
8481
8484
8485
8486
8486
8487
8487
8488
8489
8491
8491
8493
8493
8494
8495
8496
8496
8496
8497
8498
8501
8501
8502
8503
8507
8509
8510
8511
8511
8514
8516
8517
8517
8519
8520
8521
8522
8524
8524
8524
8526
8527
8529
8529
8530
8531
8532
8532
8534
8535
8535
8536
8536
8537
8537
8538
8539
8540
8541
8542
8542
8542
8542
8544
8544
8545
8546
8548
8549
8549
8549
8549
8553
8555
8556
8556
8557
8558
8560
8560
8560
8560
8561
8563
8564
8566
8568
8569
8569
8570
8571
8571
8571
8572
8572
8573
8574
8574
8581
8582
8582
8583
8586
8587
8587
8587
8588
8588
8588
8593
8593
8594
8597
8598
8599
8599
8600
8600
8601
8602
8604
8605
8606
8607
8607
8608
8609
8610
8611
8612
8613
8614
8614
8615
8615
8616
8616
8616
8617
8618
8619
8622
8622
8625
8626
8626
8626
8628
8628
8628
8630
8630
8631
8632
8633
8635
8635
8636
8636
8637
8637
8638
8638
8639
8639
8643
8644
8645
8645
8646
8649
8651
8653
8655
8656
8658
8659
8660
8661
8662
8663
8664
8666
8668
8668
8672
8673
8673
8674
8675
8676
8677
8678
8679
8680
8681
8683
8684
8684
8685
8686
8686
8687
8687
8689
8691
8691
8692
8693
8693
8696
8696
8697
8699
8700
8703
8705
8705
8707
8707
8707
8708
8708
8708
8708
8708
8709
8709
8715
8716
8716
8718
8719
8719
8720
8723
8724
8725
8725
8725
8726
8730
8731
8731
8731
8732
8733
8734
8736
8736
8736
8736
8738
8739
8741
8741
8743
8744
8745
8747
8749
8749
8750
8752
8752
8753
8753
8754
8754
8754
8760
8762
8763
8765
8766
8768
8768
8769
8770
8770
8771
8771
8772
8772
8773
8775
8776
8776
8777
8780
8781
8781
8781
8783
8784
8784
8784
8785
8786
8786
8786
8787
8788
8788
8789
8789
8790
8790
8790
8791
8792
8793
8795
8796
8796
8798
8799
8800
8802
8803
8803
8804
8804
8805
8805
8806
8807
8808
8808
8809
8811
8813
8814
8814
8817
8817
8818
8818
8821
8822
8823
8825
8826
8826
8827
8827
8829
8830
8830
8830
8830
8831
8831
8831
8832
8832
8832
8832
8833
8834
8835
8835
8835
8836
8836
8837
8837
8837
8837
8838
8838
8838
8838
8838
8839
8839
8839
8841
8841
8843
8843
8845
8845
8845
8847
8848
8849
8850
8850
8852
8854
8857
8858
8858
8859
8860
8864
8865
8865
8865
8866
8867
8868
8869
8871
8872
8872
8872
8874
8876
8876
8877
8878
8880
8883
8883
8884
8885
8892
8895
8896
8897
8899
8902
8902
8903
8903
8903
8907
8907
8910
8911
8911
8912
8912
8913
8914
8915
8915
8916
8916
8916
8917
8918
8918
8919
8919
8919
8920
8921
8922
8923
8924
8925
8927
8928
8928
8930
8930
8931
8933
8935
8935
8935
8936
8937
8937
8937
8937
8938
8939
8940
8940
8940
8941
8941
8944
8945
8945
8946
8946
8947
8947
8947
8948
8948
8948
8950
8950
8950
8951
8952
8952
8953
8954
8956
8956
8957
8957
8958
8959
8959
8960
8961
8961
8962
8962
8962
8963
8964
8965
8965
8966
8967
8968
8968
8968
8970
8970
8971
8971
8971
8973
8974
8974
8975
8977
8977
8979
8980
8982
8982
8983
8984
8986
8986
8988
8989
8991
8991
8991
8991
8993
8995
8998
8998
8998
9002
9004
9006
9006
9009
9010
9011
9011
9015
9015
9016
9017
9017
9022
9022
9022
9022
9025
9025
9026
9029
9029
9031
9031
9033
9033
9033
9034
9034
9035
9035
9039
9041
9044
9045
9046
9046
9047
9048
9048
9049
9051
9053
9054
9055
9057
9058
9059
9059
9061
9062
9064
9064
9065
9068
9069
9069
9071
9072
9075
9075
9076
9076
9077
9079
9079
9080
9080
9080
9081
9082
9083
9084
9087
9088
9089
9089
9090
9094
9094
9094
9095
9096
9096
9099
9100
9101
9103
9104
9104
9105
9107
9107
9107
9107
9109
9110
9113
9115
9115
9115
9118
9122
9123
9124
9124
9124
9124
9124
9125
9125
9125
9127
9127
9128
9129
9129
9130
9130
9132
9135
9135
9135
9136
9137
9138
9138
9140
9142
9142
9142
9143
9144
9146
9146
9147
9147
9148
9148
9149
9154
9155
9155
9155
9157
9157
9164
9167
9169
9169
9169
9169
9169
9172
9173
9173
9173
9174
9175
9179
9179
9180
9180
9182
9183
9183
9186
9189
9190
9191
9191
9193
9195
9197
9200
9200
9201
9204
9207
9210
9210
9211
9211
9213
9214
9214
9214
9215
9216
9217
9217
9217
9219
9219
9220
9221
9224
9225
9225
9226
9227
9228
9228
9229
9232
9232
9233
9233
9234
9235
9237
9238
9238
9240
9240
9242
9242
9243
9244
9245
9246
9249
9249
9252
9252
9253
9254
9254
9255
9255
9256
9257
9258
9260
9261
9262
9263
9266
9266
9267
9267
9268
9269
9270
9271
9272
9273
9273
9274
9275
9275
9279
9282
9284
9284
9285
9285
9285
9286
9286
9287
9288
9288
9288
9289
9289
9289
9290
9292
9293
9294
9294
9294
9294
9295
9296
9296
9298
9300
9302
9302
9302
9302
9303
9305
9305
9307
9308
9311
9311
9312
9312
9312
9312
9313
9314
9314
9316
9318
9319
9320
9320
9320
9321
9322
9322
9323
9323
9324
9324
9325
9325
9325
9325
9328
9330
9330
9331
9332
9332
9333
9335
9336
9336
9336
9336
9337
9339
9340
9340
9340
9347
9349
9350
9350
9351
9355
9356
9356
9356
9358
9359
9360
9361
9362
9365
9367
9368
9368
9370
9370
9371
9372
9373
9374
9374
9375
9375
9376
9377
9377
9378
9379
9380
9381
9383
9383
9383
9385
9389
9391
9391
9391
9391
9392
9393
9394
9395
9396
9397
9402
9402
9403
9404
9406
9406
9407
9409
9410
9411
9413
9413
9414
9414
9415
9417
9417
9417
9419
9420
9421
9421
9425
9425
9427
9428
9429
9430
9432
9432
9432
9438
9439
9440
9441
9441
9442
9443
9444
9445
9446
9446
9448
9449
9450
9450
9450
9452
9453
9456
9457
9458
9458
9460
9460
9461
9462
9463
9463
9464
9468
9469
9470
9472
9473
9473
9474
9475
9475
9476
9477
9477
9477
9478
9479
9480
9481
9484
9484
9484
9485
9488
9488
9488
9488
9489
9489
9490
9490
9491
9491
9491
9491
9494
9495
9495
9495
9496
9496
9498
9498
9499
9499
9502
9502
9503
9503
9505
9506
9506
9506
9510
9511
9513
9514
9517
9517
9518
9520
9520
9520
9521
9521
9522
9522
9523
9524
9527
9527
9527
9528
9529
9532
9533
9535
9535
9537
9537
9538
9538
9539
9540
9540
9540
9542
9543
9544
9545
9546
9546
9547
9547
9548
9548
9549
9549
9550
9550
9553
9553
9555
9555
9556
9557
9559
9561
9562
9563
9563
9564
9565
9568
9569
9573
9574
9575
9576
9576
9576
9576
9578
9579
9579
9579
9580
9581
9582
9584
9588
9589
9590
9591
9593
9598
9598
9601
9603
9603
9604
9604
9604
9604
9606
9608
9610
9611
9611
9613
9613
9613
9614
9614
9614
9615
9616
9617
9618
9618
9618
9621
9621
9622
9623
9624
9626
9627
9628
9628
9630
9630
9631
9635
9635
9636
9637
9639
9640
9641
9641
9641
9644
9648
9649
9650
9653
9653
9654
9655
9656
9657
9657
9658
9661
9662
9662
9663
9664
9665
9667
9667
9667
9668
9668
9668
9668
9672
9672
9672
9673
9673
9675
9675
9679
9680
9680
9681
9682
9684
9686
9687
9687
9689
9693
9694
9694
9696
9696
9698
9698
9700
9700
9702
9702
9705
9705
9706
9706
9707
9707
9708
9709
9712
9712
9713
9714
9715
9716
9717
9718
9719
9720
9721
9722
9722
9722
9723
9723
9724
9725
9725
9725
9727
9727
9727
9730
9730
9732
9732
9733
9733
9735
9735
9736
9736
9736
9737
9737
9737
9738
9742
9743
9743
9744
9745
9746
9746
9749
9749
9749
9751
9751
9752
9753
9753
9754
9755
9755
9756
9756
9757
9757
9758
9759
9760
9760
9760
9761
9761
9764
9764
9765
9768
9768
9770
9770
9770
9770
9772
9772
9773
9774
9774
9774
9777
9779
9780
9782
9785
9787
9787
9788
9790
9790
9791
9792
9792
9794
9794
9795
9795
9796
9797
9798
9799
9800
9802
9805
9812
9812
9813
9813
9814
9815
9819
9820
9820
9820
9821
9822
9824
9824
9825
9825
9826
9828
9828
9829
9829
9831
9832
9832
9835
9835
9835
9835
9836
9837
9838
9839
9839
9839
9840
9841
9841
9842
9842
9843
9846
9846
9847
9847
9847
9848
9849
9851
9853
9858
9860
9863
9863
9865
9869
9869
9869
9869
9871
9874
9874
9876
9878
9879
9879
9883
9883
9884
9885
9886
9886
9886
9887
9887
9888
9888
9888
9889
9890
9890
9891
9891
9892
9893
9894
9896
9898
9898
9900
9901
9903
9906
9906
9907
9907
9908
9908
9909
9910
9911
9912
9912
9913
9914
9915
9915
9916
9916
9917
9918
9918
9919
9919
9921
9921
9924
9925
9925
9929
9930
9936
9936
9936
9937
9938
9939
9940
9940
9941
9942
9945
9945
9946
9948
9949
9949
9950
9951
9953
9954
9955
9956
9957
9957
9957
9957
9959
9959
9959
9960
9962
9963
9963
9965
9966
9967
9972
9973
9974
9978
9978
9979
9981
9981
9981
9982
9988
9988
9991
9992
9994
9995
9995
9997
9997
9997
9998
9999
10000
0.094707
2
