10000
0
1
2
2
4
5
9
13
14
14
15
16
17
18
18
20
22
23
23
25
28
29
29
29
34
37
38
39
39
39
41
41
42
43
43
44
44
46
46
50
52
53
55
55
55
58
59
61
62
62
64
65
66
66
67
69
69
71
71
71
75
75
75
77
78
78
80
80
86
87
88
88
90
90
91
91
91
92
92
95
96
97
97
98
98
99
100
100
104
104
105
109
111
111
111
114
115
115
117
117
118
118
120
121
124
124
124
126
126
126
128
128
129
129
130
131
131
131
132
134
135
135
135
136
136
136
137
140
141
142
142
143
144
146
149
149
151
153
156
157
157
157
157
158
160
161
161
163
164
164
164
164
165
165
167
167
167
168
168
168
168
168
171
171
172
172
174
174
175
177
180
181
182
182
183
185
186
186
187
187
189
190
191
193
193
194
194
195
195
195
196
197
197
197
198
199
202
202
202
203
203
204
205
206
207
212
212
214
216
217
217
220
220
221
224
224
225
227
227
229
231
231
234
234
234
235
235
235
235
236
236
238
238
239
241
241
241
241
242
242
243
244
244
245
245
246
247
247
249
250
250
252
252
253
256
257
258
259
261
264
265
266
266
267
267
268
270
272
272
274
274
275
275
277
277
277
278
279
282
283
284
287
287
287
287
287
287
292
293
293
294
297
297
299
302
303
303
304
305
305
306
307
307
308
310
310
310
310
311
311
311
312
318
319
321
322
323
323
325
327
328
328
330
330
331
331
332
332
333
333
333
334
335
335
336
336
337
337
339
339
343
346
349
349
352
352
353
353
353
356
356
357
361
361
364
366
366
366
367
368
368
369
370
373
374
375
376
376
378
381
384
384
385
385
385
386
387
387
387
388
388
388
392
395
398
401
401
401
403
404
404
405
408
410
411
412
412
413
413
413
414
415
417
420
421
423
423
424
425
428
428
428
429
429
433
434
437
437
439
439
439
439
440
442
444
446
450
451
452
452
453
453
453
454
455
456
458
459
460
461
462
463
463
466
466
466
466
467
469
469
470
471
471
472
477
477
477
477
479
481
482
483
488
489
490
491
491
492
493
496
497
498
499
499
501
503
504
505
505
506
506
507
508
508
508
508
509
512
514
514
515
515
515
516
516
516
518
518
519
520
523
523
524
526
527
527
528
528
529
530
530
530
531
533
533
535
538
538
541
543
545
548
550
551
552
554
555
557
560
563
564
564
565
566
569
571
572
575
576
578
579
580
582
582
582
583
589
589
590
591
591
591
591
592
593
594
595
596
598
598
598
598
599
600
600
602
604
605
606
607
608
612
612
614
615
616
617
618
619
619
619
620
620
621
621
621
621
622
622
623
624
625
625
626
626
626
628
629
629
630
631
631
632
633
634
634
635
638
638
639
639
640
640
641
642
642
642
644
644
644
645
645
645
645
645
646
654
656
657
659
659
660
661
662
662
663
664
667
668
669
669
673
675
676
676
677
677
677
679
680
682
683
684
685
686
687
687
688
688
689
693
693
694
695
696
698
699
701
701
703
703
707
708
708
709
712
712
712
713
715
715
717
717
720
720
721
723
723
724
727
730
730
731
731
733
733
734
735
738
740
740
740
740
741
742
744
745
745
746
746
747
751
752
752
752
753
753
755
756
757
758
759
760
761
763
763
764
764
768
769
769
770
771
772
773
773
773
774
774
776
777
778
778
779
780
782
782
783
784
784
784
785
787
787
788
788
789
789
790
790
791
792
794
795
796
797
797
797
798
798
800
801
802
802
803
804
805
806
807
807
808
809
810
812
812
813
813
814
814
815
815
817
817
817
817
818
819
819
819
819
821
822
823
824
824
826
827
828
830
832
834
835
836
837
838
838
840
840
841
841
842
843
843
844
845
845
846
849
850
851
851
852
854
854
855
861
862
862
863
863
863
863
865
865
865
866
867
867
868
869
871
875
876
877
878
878
880
882
882
883
884
885
888
888
890
890
891
893
894
896
899
901
901
902
903
903
905
905
906
907
907
908
909
909
910
912
912
913
914
914
917
918
920
920
921
922
925
927
928
928
929
931
932
932
932
933
935
936
937
938
939
943
944
946
947
948
948
948
948
949
949
951
953
953
953
957
957
958
960
963
963
965
966
967
967
968
971
971
972
973
973
974
975
975
977
978
979
981
982
982
982
984
986
989
990
990
990
993
993
993
995
996
997
998
999
999
999
1002
1003
1004
1004
1005
1006
1008
1008
1010
1011
1011
1011
1015
1016
1016
1017
1018
1018
1019
1022
1023
1027
1028
1028
1031
1031
1033
1033
1033
1033
1035
1036
1037
1037
1037
1037
1039
1039
1040
1041
1041
1042
1043
1044
1044
1044
1046
1049
1049
1049
1050
1050
1052
1052
1053
1054
1054
1055
1055
1056
1056
1057
1057
1058
1059
1059
1059
1059
1059
1060
1060
1060
1060
1061
1062
1063
1063
1068
1068
1069
1069
1070
1074
1074
1075
1076
1076
1077
1080
1080
1081
1084
1085
1086
1087
1088
1089
1089
1090
1092
1093
1095
1096
1097
1097
1097
1098
1101
1102
1102
1103
1104
1107
1109
1111
1112
1113
1116
1117
1119
1120
1121
1121
1122
1122
1124
1124
1125
1127
1127
1128
1130
1131
1132
1132
1132
1133
1133
1133
1134
1134
1135
1135
1137
1137
1137
1138
1138
1138
1140
1140
1140
1141
1141
1141
1144
1144
1145
1146
1146
1149
1151
1153
1154
1156
1157
1158
1158
1161
1162
1163
1164
1166
1168
1168
1169
1169
1170
1171
1171
1173
1175
1177
1177
1178
1180
1181
1181
1183
1184
1185
1186
1186
1186
1187
1189
1189
1189
1192
1192
1193
1193
1194
1194
1195
1195
1196
1199
1199
1200
1201
1201
1201
1202
1202
1203
1204
1204
1204
1205
1205
1207
1207
1207
1207
1208
1208
1208
1211
1213
1216
1218
1220
1221
1222
1223
1224
1225
1225
1227
1227
1230
1230
1230
1232
1232
1236
1236
1237
1238
1238
1238
1239
1243
1243
1244
1245
1246
1247
1248
1248
1249
1249
1251
1251
1251
1252
1252
1252
1253
1253
1257
1257
1258
1258
1260
1261
1262
1262
1263
1268
1268
1270
1270
1273
1273
1273
1275
1278
1278
1278
1278
1279
1279
1280
1281
1282
1282
1282
1283
1283
1285
1286
1286
1287
1287
1288
1290
1291
1291
1294
1295
1297
1298
1300
1303
1303
1304
1305
1305
1306
1306
1307
1307
1308
1309
1310
1311
1311
1312
1314
1314
1316
1317
1317
1319
1320
1320
1321
1322
1323
1325
1326
1327
1328
1328
1330
1330
1330
1332
1332
1332
1337
1337
1338
1338
1340
1340
1340
1341
1341
1341
1342
1343
1344
1345
1345
1347
1347
1348
1348
1351
1352
1352
1353
1355
1356
1356
1356
1358
1359
1361
1361
1362
1363
1364
1364
1366
1366
1367
1367
1369
1370
1371
1371
1372
1372
1373
1373
1373
1374
1375
1375
1375
1376
1377
1377
1378
1379
1380
1380
1381
1382
1382
1383
1383
1384
1384
1385
1385
1386
1387
1387
1389
1391
1393
1396
1397
1397
1397
1397
1399
1399
1401
1401
1402
1403
1403
1405
1405
1405
1407
1407
1408
1410
1410
1412
1412
1413
1414
1415
1416
1419
1420
1421
1422
1422
1423
1423
1424
1424
1425
1425
1426
1426
1426
1429
1429
1429
1431
1431
1435
1435
1435
1437
1439
1440
1440
1442
1442
1442
1446
1446
1448
1449
1449
1450
1450
1450
1452
1453
1455
1456
1457
1459
1459
1461
1461
1462
1463
1464
1464
1464
1465
1465
1466
1466
1467
1467
1468
1470
1471
1471
1471
1472
1473
1474
1474
1477
1478
1479
1479
1481
1481
1482
1482
1482
1484
1484
1486
1487
1488
1488
1488
1491
1492
1494
1494
1496
1496
1498
1500
1502
1502
1502
1503
1505
1506
1506
1506
1506
1507
1508
1509
1510
1510
1512
1513
1514
1514
1515
1517
1519
1519
1520
1521
1522
1522
1524
1524
1525
1525
1527
1528
1528
1529
1529
1530
1531
1531
1532
1533
1533
1534
1535
1536
1537
1537
1538
1538
1539
1541
1541
1541
1542
1543
1544
1545
1545
1546
1546
1547
1547
1549
1550
1552
1554
1555
1556
1556
1557
1557
1559
1560
1560
1560
1560
1560
1561
1564
1564
1566
1567
1567
1569
1569
1569
1571
1572
1573
1574
1574
1574
1574
1575
1575
1575
1576
1577
1579
1583
1583
1583
1584
1584
1585
1587
1588
1588
1588
1588
1588
1591
1593
1595
1595
1595
1596
1596
1596
1597
1598
1600
1602
1603
1603
1604
1604
1605
1606
1607
1610
1610
1611
1618
1619
1619
1623
1624
1625
1625
1626
1626
1629
1631
1632
1632
1634
1634
1634
1634
1635
1635
1635
1636
1637
1637
1638
1638
1639
1639
1641
1641
1641
1641
1642
1642
1645
1647
1647
1647
1648
1648
1648
1649
1651
1652
1652
1652
1653
1653
1653
1654
1656
1657
1657
1658
1662
1662
1664
1665
1665
1666
1666
1667
1668
1668
1669
1669
1670
1670
1670
1670
1671
1675
1675
1675
1677
1678
1678
1683
1683
1684
1685
1685
1685
1686
1687
1689
1690
1691
1691
1691
1693
1693
1694
1696
1697
1700
1700
1700
1704
1706
1706
1707
1709
1711
1711
1712
1713
1715
1715
1716
1717
1718
1720
1722
1722
1723
1724
1725
1726
1727
1727
1728
1729
1729
1731
1733
1733
1733
1734
1735
1736
1736
1736
1737
1739
1741
1743
1743
1744
1744
1745
1745
1745
1746
1746
1747
1751
1754
1754
1756
1757
1759
1762
1763
1764
1765
1766
1767
1771
1772
1772
1772
1773
1774
1776
1776
1778
1782
1782
1784
1788
1791
1794
1794
1794
1796
1796
1797
1798
1799
1801
1802
1804
1807
1807
1812
1813
1814
1814
1815
1816
1817
1818
1818
1818
1819
1819
1820
1821
1821
1821
1824
1827
1827
1828
1829
1829
1829
1830
1832
1833
1833
1837
1838
1839
1842
1844
1845
1847
1848
1849
1849
1850
1850
1850
1851
1852
1853
1854
1856
1857
1858
1860
1860
1861
1861
1861
1862
1863
1864
1865
1866
1867
1867
1870
1871
1873
1878
1879
1880
1880
1880
1881
1881
1883
1883
1885
1885
1885
1886
1887
1887
1889
1889
1889
1891
1892
1892
1894
1896
1897
1897
1899
1899
1902
1902
1903
1904
1906
1908
1908
1910
1911
1912
1912
1912
1913
1914
1914
1916
1917
1917
1918
1918
1919
1919
1920
1921
1921
1922
1923
1923
1925
1925
1928
1931
1931
1932
1933
1934
1935
1936
1937
1939
1941
1941
1941
1941
1942
1943
1945
1947
1947
1948
1949
1949
1949
1951
1951
1954
1954
1955
1957
1957
1960
1960
1960
1962
1963
1965
1965
1965
1965
1966
1966
1966
1967
1967
1967
1969
1969
1970
1970
1972
1975
1975
1975
1976
1976
1976
1976
1978
1982
1983
1983
1983
1985
1987
1987
1988
1988
1990
1990
1994
1995
1995
1997
1999
2000
2002
2002
2003
2004
2004
2005
2007
2007
2009
2009
2009
2009
2009
2010
2011
2013
2015
2018
2019
2021
2023
2023
2024
2024
2025
2026
2027
2031
2031
2040
2042
2042
2042
2043
2044
2044
2045
2046
2046
2047
2048
2050
2051
2051
2060
2060
2067
2068
2068
2069
2070
2071
2071
2071
2072
2073
2073
2074
2074
2074
2074
2075
2078
2078
2080
2081
2082
2082
2082
2083
2083
2084
2084
2084
2085
2085
2085
2087
2088
2088
2089
2091
2091
2091
2093
2093
2094
2094
2095
2097
2098
2098
2099
2101
2102
2103
2104
2108
2110
2111
2111
2111
2111
2112
2113
2113
2114
2115
2118
2118
2120
2121
2121
2122
2123
2123
2124
2124
2125
2125
2126
2126
2127
2129
2131
2133
2134
2134
2135
2135
2139
2143
2143
2144
2145
2146
2148
2148
2150
2155
2155
2155
2157
2158
2160
2160
2162
2163
2163
2163
2165
2165
2169
2169
2172
2172
2172
2176
2180
2181
2181
2184
2185
2186
2186
2187
2188
2188
2188
2189
2189
2189
2191
2191
2192
2193
2193
2195
2195
2195
2200
2200
2200
2200
2201
2203
2204
2204
2204
2206
2208
2210
2210
2211
2212
2212
2214
2215
2215
2216
2217
2219
2219
2221
2224
2224
2224
2226
2226
2227
2227
2229
2230
2230
2231
2232
2236
2237
2237
2237
2239
2239
2239
2241
2241
2242
2244
2247
2251
2251
2252
2255
2255
2256
2257
2257
2257
2258
2259
2260
2261
2262
2263
2263
2264
2264
2265
2267
2267
2270
2270
2271
2275
2275
2275
2276
2276
2277
2280
2281
2282
2283
2284
2284
2286
2286
2287
2287
2288
2289
2290
2290
2290
2293
2293
2293
2294
2294
2295
2297
2297
2299
2300
2300
2301
2301
2302
2302
2303
2304
2305
2305
2306
2306
2306
2306
2307
2308
2308
2309
2310
2311
2312
2313
2314
2315
2318
2320
2320
2323
2323
2324
2324
2326
2326
2327
2328
2329
2329
2330
2331
2331
2332
2337
2337
2338
2343
2345
2348
2348
2349
2351
2351
2351
2352
2353
2354
2354
2355
2356
2356
2356
2359
2360
2361
2364
2364
2365
2366
2366
2367
2368
2369
2370
2371
2373
2374
2374
2374
2375
2375
2379
2381
2381
2387
2388
2390
2390
2390
2392
2392
2393
2394
2394
2394
2396
2399
2399
2400
2401
2402
2402
2403
2405
2408
2409
2410
2410
2413
2413
2416
2417
2417
2418
2418
2419
2420
2422
2422
2423
2424
2424
2425
2426
2427
2428
2428
2429
2430
2430
2430
2430
2432
2432
2433
2433
2433
2434
2435
2437
2437
2438
2440
2440
2440
2443
2443
2444
2446
2447
2447
2447
2449
2449
2451
2452
2453
2454
2454
2455
2456
2458
2462
2463
2464
2464
2464
2467
2468
2471
2472
2475
2475
2475
2476
2476
2476
2478
2478
2479
2479
2481
2482
2483
2486
2488
2489
2489
2490
2496
2498
2499
2501
2503
2504
2504
2506
2509
2509
2512
2518
2518
2518
2519
2521
2521
2522
2523
2523
2524
2526
2526
2526
2527
2528
2530
2531
2531
2532
2532
2532
2533
2534
2537
2537
2539
2540
2540
2543
2543
2544
2546
2547
2548
2550
2551
2551
2553
2553
2553
2554
2555
2558
2558
2558
2559
2559
2562
2562
2564
2565
2565
2565
2565
2566
2567
2567
2570
2571
2571
2571
2572
2573
2575
2577
2578
2578
2580
2582
2582
2584
2585
2585
2587
2587
2589
2590
2590
2590
2590
2592
2592
2593
2593
2594
2594
2594
2595
2595
2597
2598
2599
2600
2601
2601
2602
2602
2604
2604
2605
2606
2606
2606
2608
2608
2608
2609
2609
2609
2612
2613
2613
2614
2614
2617
2620
2620
2621
2625
2628
2629
2634
2635
2638
2639
2640
2641
2641
2644
2646
2649
2649
2651
2651
2651
2651
2652
2653
2653
2653
2660
2660
2662
2665
2665
2665
2669
2669
2669
2669
2670
2670
2671
2671
2673
2673
2675
2675
2676
2676
2676
2677
2678
2679
2680
2680
2680
2681
2686
2687
2688
2688
2690
2691
2691
2691
2697
2697
2698
2699
2700
2701
2702
2702
2704
2705
2705
2705
2706
2706
2707
2709
2709
2711
2711
2711
2711
2713
2714
2715
2715
2719
2720
2721
2721
2723
2723
2723
2724
2724
2725
2729
2730
2730
2731
2731
2731
2732
2732
2733
2733
2734
2735
2736
2737
2737
2738
2739
2740
2740
2743
2743
2743
2743
2745
2748
2748
2749
2753
2753
2753
2754
2754
2754
2755
2757
2758
2758
2759
2760
2760
2762
2762
2762
2764
2764
2765
2765
2768
2768
2768
2768
2769
2770
2771
2771
2772
2774
2776
2776
2777
2779
2779
2780
2781
2781
2782
2782
2782
2782
2784
2784
2785
2786
2787
2789
2790
2793
2795
2796
2802
2803
2804
2804
2804
2805
2805
2805
2805
2806
2806
2807
2808
2812
2814
2814
2814
2818
2818
2820
2820
2820
2824
2825
2826
2826
2826
2826
2826
2829
2830
2830
2831
2831
2832
2832
2833
2836
2837
2839
2842
2844
2844
2845
2848
2848
2848
2849
2851
2853
2854
2857
2857
2858
2858
2858
2859
2860
2860
2860
2861
2862
2863
2864
2864
2865
2866
2866
2866
2867
2868
2868
2868
2869
2869
2869
2870
2871
2871
2872
2872
2873
2875
2875
2876
2878
2878
2881
2881
2882
2883
2884
2885
2886
2886
2886
2886
2889
2889
2892
2892
2893
2895
2896
2898
2898
2899
2900
2902
2903
2904
2908
2908
2908
2908
2909
2909
2911
2912
2914
2915
2915
2916
2916
2921
2921
2922
2922
2923
2925
2928
2929
2929
2929
2930
2930
2932
2933
2933
2933
2935
2936
2936
2937
2937
2937
2937
2937
2940
2942
2942
2945
2946
2946
2949
2949
2949
2950
2950
2951
2952
2953
2955
2955
2955
2955
2956
2956
2956
2957
2959
2959
2960
2960
2961
2961
2963
2968
2968
2969
2969
2973
2973
2973
2973
2974
2975
2976
2977
2978
2981
2981
2982
2983
2986
2986
2987
2989
2990
2993
2994
2995
2995
2996
2997
2997
2998
2999
3000
3000
3000
3000
3001
3002
3002
3003
3004
3006
3008
3011
3011
3011
3013
3013
3015
3016
3017
3018
3019
3019
3020
3020
3021
3021
3022
3025
3027
3028
3028
3028
3028
3029
3029
3029
3030
3031
3032
3032
3032
3033
3033
3033
3034
3039
3039
3039
3040
3040
3040
3041
3041
3041
3043
3043
3043
3043
3045
3046
3046
3048
3049
3049
3050
3051
3051
3051
3051
3053
3053
3054
3055
3056
3058
3061
3065
3066
3067
3067
3070
3071
3073
3073
3074
3074
3074
3074
3075
3077
3077
3078
3078
3080
3080
3081
3082
3083
3083
3084
3085
3086
3086
3087
3089
3089
3090
3091
3092
3094
3095
3096
3097
3097
3097
3098
3099
3103
3103
3105
3105
3106
3106
3108
3108
3112
3113
3114
3114
3115
3115
3116
3116
3120
3120
3121
3121
3122
3123
3123
3123
3123
3124
3124
3124
3125
3125
3126
3126
3127
3128
3129
3131
3131
3132
3134
3134
3134
3135
3137
3137
3137
3138
3138
3139
3140
3140
3141
3142
3143
3144
3146
3152
3152
3152
3154
3154
3154
3156
3156
3158
3159
3159
3160
3162
3163
3164
3164
3165
3165
3166
3166
3166
3168
3171
3171
3175
3176
3176
3178
3182
3182
3182
3182
3183
3183
3184
3187
3187
3188
3188
3189
3191
3191
3191
3192
3193
3193
3194
3196
3198
3198
3200
3201
3202
3202
3204
3206
3207
3210
3210
3212
3213
3215
3216
3217
3217
3221
3221
3221
3221
3221
3222
3222
3227
3227
3227
3227
3228
3229
3229
3231
3231
3231
3232
3233
3234
3234
3236
3236
3236
3237
3237
3237
3239
3240
3240
3240
3241
3242
3242
3243
3246
3246
3253
3254
3256
3256
3258
3258
3260
3260
3261
3261
3262
3263
3263
3264
3265
3265
3268
3268
3268
3270
3272
3273
3275
3275
3276
3277
3277
3277
3278
3278
3279
3279
3280
3281
3283
3284
3287
3287
3287
3288
3289
3289
3290
3290
3290
3294
3295
3295
3296
3297
3298
3299
3302
3305
3307
3311
3312
3312
3316
3317
3319
3319
3320
3320
3321
3321
3322
3323
3323
3323
3325
3325
3326
3326
3326
3329
3329
3329
3330
3333
3333
3334
3334
3335
3336
3336
3336
3338
3342
3343
3343
3343
3345
3345
3347
3348
3348
3350
3350
3351
3351
3355
3355
3355
3356
3356
3357
3358
3358
3359
3360
3361
3362
3362
3364
3368
3368
3370
3371
3374
3376
3377
3379
3380
3385
3385
3387
3387
3387
3388
3388
3389
3389
3389
3389
3390
3391
3391
3392
3393
3394
3396
3396
3396
3396
3398
3399
3401
3402
3404
3406
3408
3408
3408
3408
3409
3411
3414
3415
3415
3416
3417
3417
3417
3418
3420
3422
3423
3423
3423
3426
3426
3429
3429
3429
3430
3430
3431
3433
3435
3436
3438
3438
3439
3441
3441
3442
3443
3444
3445
3446
3446
3447
3447
3447
3448
3448
3448
3449
3451
3451
3455
3455
3456
3459
3460
3460
3462
3462
3463
3464
3464
3464
3465
3465
3466
3468
3469
3470
3471
3472
3473
3473
3475
3475
3475
3476
3479
3479
3480
3482
3484
3485
3489
3489
3491
3491
3493
3493
3495
3496
3496
3497
3497
3497
3500
3501
3502
3503
3503
3504
3506
3507
3507
3508
3509
3510
3511
3512
3512
3514
3515
3516
3516
3517
3517
3518
3518
3520
3521
3521
3523
3523
3523
3524
3525
3525
3525
3526
3526
3530
3531
3531
3532
3533
3534
3535
3539
3541
3541
3542
3544
3544
3544
3546
3546
3551
3552
3553
3553
3554
3555
3555
3556
3556
3556
3557
3559
3560
3560
3560
3560
3561
3564
3564
3568
3569
3569
3570
3571
3571
3576
3576
3577
3577
3577
3579
3584
3587
3587
3587
3587
3592
3593
3595
3595
3596
3597
3599
3600
3601
3603
3603
3604
3604
3605
3605
3605
3605
3605
3606
3607
3608
3609
3612
3612
3615
3616
3618
3620
3621
3621
3622
3625
3625
3626
3627
3629
3629
3630
3631
3631
3633
3634
3636
3636
3637
3638
3641
3643
3643
3645
3647
3647
3650
3650
3652
3655
3656
3656
3657
3658
3659
3662
3664
3664
3665
3665
3670
3670
3673
3673
3674
3675
3676
3676
3677
3677
3678
3680
3681
3684
3687
3688
3689
3691
3692
3692
3698
3698
3699
3700
3701
3702
3703
3704
3704
3709
3709
3709
3712
3713
3713
3714
3716
3716
3716
3716
3718
3718
3718
3719
3720
3720
3721
3723
3724
3725
3727
3728
3730
3732
3733
3735
3735
3738
3739
3742
3742
3743
3743
3744
3744
3745
3746
3748
3749
3750
3751
3751
3752
3752
3754
3756
3756
3758
3759
3760
3760
3760
3760
3764
3764
3764
3766
3766
3766
3767
3767
3769
3769
3771
3771
3772
3773
3774
3775
3775
3777
3781
3781
3781
3784
3785
3785
3785
3785
3786
3789
3789
3789
3789
3791
3792
3792
3792
3793
3795
3796
3797
3798
3798
3798
3799
3799
3800
3800
3801
3801
3805
3807
3807
3809
3811
3811
3811
3811
3812
3813
3814
3816
3817
3822
3824
3825
3826
3826
3827
3827
3829
3830
3832
3833
3835
3836
3838
3844
3845
3845
3846
3847
3848
3848
3852
3852
3853
3853
3855
3857
3858
3860
3860
3861
3862
3863
3863
3863
3864
3864
3867
3868
3870
3871
3872
3874
3876
3882
3882
3885
3886
3889
3891
3892
3893
3894
3895
3896
3897
3898
3899
3899
3900
3900
3903
3903
3903
3903
3904
3905
3906
3906
3908
3908
3909
3909
3909
3910
3911
3913
3913
3915
3916
3918
3921
3923
3923
3924
3925
3925
3926
3927
3928
3929
3929
3929
3929
3931
3933
3933
3933
3934
3934
3935
3937
3938
3940
3941
3941
3941
3941
3942
3942
3945
3946
3947
3951
3953
3953
3953
3954
3959
3959
3960
3961
3961
3961
3961
3962
3962
3966
3967
3967
3967
3969
3971
3972
3972
3973
3973
3975
3975
3976
3976
3976
3977
3977
3981
3982
3982
3984
3985
3987
3989
3989
3993
3994
3994
3994
3995
3997
3997
3997
3998
3998
4000
4001
4002
4002
4003
4004
4004
4007
4008
4009
4010
4013
4014
4015
4017
4018
4019
4020
4020
4020
4021
4022
4023
4023
4024
4026
4026
4026
4026
4030
4031
4031
4036
4037
4037
4039
4039
4040
4042
4042
4042
4043
4044
4044
4044
4045
4046
4046
4047
4047
4048
4048
4050
4051
4052
4052
4054
4055
4058
4059
4062
4062
4065
4065
4065
4066
4069
4071
4076
4077
4079
4080
4081
4081
4084
4085
4086
4086
4086
4087
4088
4088
4089
4090
4092
4092
4093
4093
4093
4096
4096
4097
4100
4100
4101
4102
4102
4103
4106
4107
4108
4108
4109
4110
4110
4110
4114
4115
4115
4116
4117
4117
4122
4122
4123
4123
4125
4126
4127
4128
4128
4128
4129
4130
4131
4131
4133
4134
4136
4137
4138
4139
4142
4142
4143
4145
4149
4149
4150
4153
4153
4156
4157
4157
4157
4157
4158
4158
4158
4158
4159
4159
4159
4160
4162
4162
4163
4164
4165
4166
4166
4169
4169
4169
4170
4171
4172
4174
4174
4175
4176
4177
4178
4179
4179
4180
4180
4181
4181
4182
4183
4185
4186
4189
4190
4190
4192
4192
4194
4195
4196
4197
4198
4198
4199
4199
4199
4200
4201
4202
4202
4202
4202
4203
4205
4207
4208
4208
4208
4209
4209
4211
4213
4215
4215
4217
4218
4219
4220
4222
4222
4223
4223
4224
4225
4225
4225
4226
4226
4227
4228
4229
4229
4231
4232
4233
4233
4234
4234
4236
4237
4239
4239
4240
4240
4241
4241
4243
4246
4246
4246
4247
4249
4250
4250
4251
4251
4252
4253
4253
4253
4254
4256
4256
4256
4257
4257
4257
4258
4258
4258
4260
4261
4261
4264
4265
4267
4267
4268
4268
4269
4269
4269
4271
4272
4272
4272
4273
4274
4276
4277
4278
4281
4281
4283
4283
4285
4286
4287
4288
4288
4290
4291
4291
4292
4292
4293
4295
4296
4297
4298
4299
4300
4300
4303
4304
4305
4307
4308
4308
4309
4309
4310
4311
4311
4312
4312
4314
4315
4315
4315
4316
4316
4318
4321
4321
4323
4323
4325
4331
4331
4332
4334
4334
4336
4337
4339
4339
4341
4342
4343
4344
4344
4344
4345
4347
4349
4349
4349
4352
4353
4354
4356
4356
4356
4359
4359
4361
4362
4363
4363
4363
4364
4365
4365
4366
4367
4369
4370
4370
4370
4371
4371
4372
4374
4375
4377
4378
4378
4380
4380
4380
4381
4382
4384
4385
4385
4387
4388
4389
4391
4393
4393
4394
4394
4395
4395
4395
4395
4396
4398
4399
4400
4400
4400
4401
4402
4403
4403
4403
4403
4404
4405
4405
4407
4407
4408
4408
4410
4412
4413
4414
4416
4417
4418
4419
4420
4420
4420
4421
4422
4422
4422
4423
4424
4424
4426
4426
4428
4431
4433
4433
4433
4434
4434
4435
4438
4439
4439
4440
4442
4443
4445
4446
4447
4447
4448
4449
4449
4449
4451
4452
4454
4455
4455
4455
4456
4459
4459
4460
4462
4463
4464
4469
4470
4470
4471
4472
4472
4473
4473
4474
4475
4475
4476
4476
4476
4477
4479
4480
4481
4481
4482
4483
4483
4486
4486
4487
4489
4489
4490
4490
4491
4492
4492
4493
4496
4498
4502
4502
4503
4504
4505
4507
4508
4510
4510
4511
4512
4513
4513
4516
4517
4517
4520
4521
4522
4523
4524
4524
4526
4526
4527
4528
4533
4535
4535
4536
4537
4538
4538
4540
4540
4540
4541
4542
4542
4543
4544
4544
4545
4545
4547
4547
4547
4550
4551
4552
4552
4557
4559
4559
4561
4562
4562
4564
4565
4565
4567
4569
4569
4570
4570
4572
4572
4574
4574
4575
4575
4576
4580
4581
4582
4583
4584
4584
4584
4585
4585
4587
4588
4588
4589
4591
4591
4592
4592
4592
4592
4594
4595
4595
4596
4597
4597
4600
4601
4602
4603
4603
4604
4605
4605
4606
4606
4608
4610
4610
4610
4612
4614
4615
4615
4616
4616
4616
4617
4617
4618
4618
4618
4619
4621
4621
4622
4624
4625
4625
4626
4626
4627
4628
4630
4631
4632
4632
4632
4634
4634
4636
4640
4640
4640
4646
4646
4646
4647
4648
4648
4648
4649
4649
4650
4650
4651
4651
4652
4652
4652
4652
4653
4654
4659
4660
4661
4662
4663
4664
4664
4667
4668
4671
4671
4672
4674
4675
4676
4676
4679
4679
4680
4682
4685
4685
4685
4687
4689
4689
4690
4690
4690
4691
4693
4693
4694
4695
4695
4696
4697
4700
4706
4706
4707
4708
4709
4711
4713
4715
4715
4717
4717
4720
4721
4721
4721
4722
4722
4722
4722
4722
4723
4724
4725
4727
4728
4728
4729
4729
4731
4732
4734
4735
4735
4736
4740
4740
4741
4741
4742
4742
4742
4744
4745
4746
4748
4748
4749
4751
4752
4754
4755
4755
4755
4757
4757
4758
4758
4759
4759
4759
4762
4763
4764
4765
4770
4772
4772
4773
4774
4774
4775
4775
4775
4776
4777
4780
4780
4782
4784
4784
4788
4788
4788
4789
4789
4790
4791
4792
4793
4793
4793
4797
4799
4800
4801
4802
4803
4803
4804
4805
4805
4806
4806
4808
4808
4811
4813
4816
4817
4817
4821
4821
4822
4824
4827
4828
4829
4830
4831
4832
4832
4834
4839
4839
4840
4841
4841
4842
4842
4843
4844
4844
4847
4851
4851
4853
4854
4855
4856
4856
4856
4856
4857
4857
4858
4858
4859
4860
4860
4861
4862
4865
4866
4867
4867
4869
4870
4871
4872
4873
4873
4874
4874
4876
4876
4876
4878
4878
4878
4878
4878
4880
4881
4881
4881
4881
4882
4884
4885
4885
4886
4887
4889
4889
4889
4890
4891
4891
4892
4892
4896
4897
4898
4899
4899
4900
4901
4901
4903
4904
4904
4905
4907
4907
4908
4911
4911
4911
4912
4913
4914
4914
4914
4915
4917
4918
4918
4920
4920
4923
4924
4924
4926
4926
4926
4926
4927
4928
4932
4934
4936
4937
4937
4938
4938
4939
4939
4939
4940
4942
4942
4944
4946
4946
4946
4946
4948
4948
4949
4949
4951
4951
4951
4952
4953
4953
4954
4955
4956
4956
4961
4961
4965
4966
4966
4971
4972
4972
4973
4974
4974
4975
4975
4975
4978
4979
4981
4983
4983
4984
4986
4987
4987
4989
4992
4993
4994
4995
4995
4996
4998
4999
5000
5001
5002
5004
5004
5005
5005
5005
5005
5007
5007
5008
5010
5013
5014
5015
5015
5016
5016
5017
5018
5018
5019
5019
5020
5021
5023
5024
5024
5025
5026
5030
5030
5031
5031
5031
5031
5032
5033
5038
5039
5039
5044
5045
5047
5048
5048
5049
5049
5049
5052
5052
5054
5054
5054
5057
5057
5059
5061
5061
5064
5065
5065
5065
5066
5067
5068
5068
5068
5070
5070
5070
5070
5072
5074
5075
5077
5078
5079
5079
5082
5083
5083
5084
5084
5086
5087
5087
5087
5088
5088
5091
5092
5092
5093
5093
5093
5095
5095
5095
5095
5096
5097
5098
5100
5100
5101
5101
5102
5102
5102
5103
5103
5103
5104
5105
5106
5108
5108
5108
5109
5109
5110
5111
5111
5113
5114
5116
5116
5117
5118
5119
5119
5120
5121
5122
5123
5123
5124
5124
5125
5125
5125
5127
5129
5129
5130
5132
5133
5134
5134
5134
5135
5136
5136
5136
5136
5137
5138
5139
5139
5140
5140
5140
5141
5143
5144
5144
5146
5149
5149
5150
5150
5151
5152
5153
5154
5155
5156
5156
5159
5159
5163
5164
5165
5166
5166
5166
5169
5170
5170
5171
5173
5174
5174
5175
5178
5179
5180
5181
5182
5187
5187
5187
5188
5189
5189
5191
5191
5192
5192
5193
5193
5194
5195
5197
5198
5199
5199
5199
5201
5204
5206
5206
5206
5207
5208
5208
5208
5209
5210
5211
5212
5212
5212
5213
5215
5217
5217
5218
5218
5219
5220
5220
5221
5222
5223
5223
5224
5226
5227
5228
5228
5228
5229
5231
5231
5231
5235
5235
5236
5236
5236
5239
5239
5243
5244
5244
5246
5247
5251
5252
5253
5253
5257
5257
5257
5260
5261
5262
5267
5267
5268
5268
5269
5271
5272
5272
5273
5275
5275
5279
5279
5279
5279
5282
5283
5284
5284
5284
5286
5286
5286
5288
5289
5289
5289
5289
5290
5291
5291
5292
5292
5293
5293
5294
5295
5296
5296
5298
5298
5303
5304
5305
5305
5306
5307
5308
5308
5310
5311
5312
5313
5313
5315
5316
5316
5317
5317
5317
5317
5319
5321
5323
5324
5326
5328
5329
5330
5331
5332
5333
5334
5336
5336
5336
5336
5336
5339
5340
5342
5343
5343
5343
5345
5346
5346
5351
5353
5355
5355
5356
5356
5357
5357
5359
5359
5359
5360
5360
5361
5362
5364
5364
5365
5366
5367
5368
5369
5370
5370
5372
5373
5373
5374
5374
5374
5375
5375
5376
5376
5377
5377
5380
5381
5382
5386
5386
5389
5389
5390
5390
5391
5391
5395
5395
5396
5397
5398
5398
5401
5401
5402
5404
5404
5405
5407
5407
5409
5410
5410
5411
5414
5418
5419
5423
5423
5424
5424
5424
5426
5427
5427
5429
5429
5434
5434
5434
5435
5436
5436
5437
5438
5438
5439
5439
5440
5441
5444
5444
5445
5445
5446
5446
5446
5446
5446
5447
5447
5447
5448
5449
5449
5451
5452
5452
5453
5455
5455
5456
5456
5458
5459
5462
5462
5462
5462
5463
5463
5463
5463
5465
5466
5466
5468
5469
5470
5470
5471
5471
5473
5474
5474
5475
5476
5477
5478
5481
5482
5483
5483
5484
5486
5486
5488
5489
5490
5490
5490
5491
5492
5492
5495
5495
5496
5496
5497
5498
5498
5500
5502
5503
5504
5504
5507
5508
5508
5508
5509
5509
5510
5511
5511
5513
5513
5514
5515
5515
5515
5515
5516
5516
5517
5517
5520
5521
5521
5522
5523
5523
5525
5526
5528
5529
5530
5531
5531
5534
5535
5536
5538
5539
5540
5540
5545
5545
5547
5548
5548
5549
5550
5553
5554
5556
5557
5559
5559
5560
5560
5561
5562
5563
5563
5563
5565
5566
5566
5566
5568
5568
5570
5570
5571
5572
5572
5572
5572
5573
5574
5575
5575
5576
5577
5580
5580
5582
5583
5584
5584
5587
5594
5595
5598
5598
5600
5601
5601
5607
5607
5610
5610
5611
5611
5612
5612
5615
5615
5617
5617
5618
5620
5620
5622
5623
5624
5625
5625
5625
5625
5627
5627
5627
5628
5629
5629
5630
5630
5634
5637
5638
5638
5644
5645
5649
5650
5651
5652
5653
5653
5658
5658
5658
5660
5664
5664
5665
5665
5667
5671
5671
5672
5675
5675
5675
5675
5677
5679
5679
5679
5680
5681
5682
5682
5682
5683
5683
5683
5685
5685
5688
5688
5688
5688
5689
5689
5691
5691
5691
5692
5692
5693
5693
5695
5696
5696
5697
5700
5701
5703
5703
5703
5703
5703
5703
5704
5706
5707
5708
5708
5710
5712
5712
5712
5712
5713
5714
5715
5715
5715
5716
5717
5717
5721
5721
5721
5722
5722
5722
5725
5728
5730
5731
5732
5734
5734
5734
5734
5735
5735
5736
5737
5737
5737
5739
5740
5740
5740
5741
5741
5743
5744
5744
5748
5748
5750
5755
5756
5758
5758
5758
5759
5759
5761
5762
5762
5763
5764
5764
5764
5764
5765
5765
5766
5767
5769
5769
5771
5772
5772
5772
5773
5779
5780
5781
5784
5784
5786
5786
5788
5789
5791
5791
5793
5794
5795
5796
5798
5798
5799
5801
5801
5803
5804
5804
5804
5805
5806
5807
5807
5807
5808
5808
5810
5812
5815
5815
5817
5822
5824
5827
5828
5830
5830
5831
5831
5831
5832
5832
5833
5834
5834
5835
5835
5836
5836
5836
5837
5839
5841
5843
5845
5846
5848
5850
5851
5854
5854
5855
5856
5856
5857
5858
5860
5860
5862
5862
5864
5865
5865
5865
5867
5867
5870
5870
5871
5871
5874
5876
5876
5876
5878
5880
5882
5884
5885
5885
5886
5886
5886
5888
5888
5888
5888
5889
5889
5890
5890
5891
5894
5895
5897
5898
5898
5899
5901
5902
5902
5902
5903
5903
5904
5904
5904
5906
5906
5906
5909
5909
5909
5910
5910
5910
5911
5912
5912
5912
5913
5915
5916
5917
5918
5918
5920
5921
5922
5922
5924
5925
5925
5926
5927
5928
5928
5929
5931
5932
5933
5933
5935
5936
5938
5941
5942
5944
5944
5944
5947
5949
5950
5951
5951
5952
5954
5955
5956
5957
5959
5961
5961
5962
5963
5964
5965
5966
5968
5968
5968
5970
5972
5972
5973
5974
5974
5975
5975
5976
5976
5977
5977
5979
5980
5980
5982
5982
5984
5984
5985
5986
5987
5991
5991
5992
5996
5996
5997
5998
5998
5999
6001
6001
6002
6003
6003
6006
6007
6007
6009
6010
6012
6013
6014
6015
6016
6018
6019
6020
6021
6022
6023
6025
6025
6026
6028
6029
6029
6029
6030
6030
6031
6031
6032
6034
6034
6035
6036
6043
6046
6047
6047
6048
6049
6050
6053
6053
6053
6053
6054
6054
6057
6059
6060
6061
6061
6062
6064
6064
6065
6065
6065
6065
6066
6066
6067
6068
6069
6069
6070
6071
6073
6074
6074
6076
6078
6079
6081
6081
6083
6083
6086
6087
6087
6088
6090
6091
6091
6091
6093
6094
6094
6095
6095
6096
6096
6096
6096
6097
6098
6100
6100
6101
6102
6103
6104
6106
6106
6107
6109
6109
6109
6110
6110
6113
6114
6115
6115
6119
6122
6123
6123
6125
6126
6127
6127
6128
6131
6131
6133
6133
6134
6136
6136
6137
6137
6137
6138
6142
6143
6143
6147
6149
6149
6151
6152
6152
6154
6156
6156
6157
6157
6157
6159
6159
6160
6164
6164
6165
6167
6167
6168
6171
6172
6173
6174
6174
6175
6175
6175
6175
6177
6177
6177
6178
6179
6181
6181
6181
6182
6183
6183
6183
6184
6184
6185
6186
6187
6188
6189
6192
6192
6193
6195
6195
6197
6199
6200
6200
6202
6202
6202
6202
6203
6205
6206
6207
6207
6209
6210
6210
6211
6212
6212
6212
6218
6220
6220
6222
6223
6223
6224
6225
6226
6227
6229
6233
6234
6234
6234
6235
6235
6237
6237
6239
6240
6240
6240
6241
6246
6247
6247
6248
6248
6248
6249
6249
6250
6250
6250
6251
6253
6253
6253
6254
6255
6255
6257
6258
6258
6259
6259
6261
6261
6262
6264
6264
6265
6265
6265
6266
6269
6270
6271
6274
6278
6279
6281
6282
6284
6284
6284
6285
6285
6285
6286
6286
6287
6287
6289
6291
6292
6294
6297
6298
6299
6299
6299
6299
6300
6300
6301
6302
6302
6303
6303
6303
6305
6305
6306
6306
6306
6306
6307
6307
6308
6309
6309
6309
6309
6311
6311
6311
6312
6317
6317
6317
6318
6323
6323
6324
6324
6325
6329
6331
6332
6337
6339
6339
6339
6339
6340
6343
6343
6343
6344
6345
6346
6349
6349
6350
6352
6353
6355
6355
6359
6361
6361
6366
6366
6366
6367
6371
6374
6374
6376
6377
6377
6378
6379
6382
6383
6385
6388
6392
6393
6394
6395
6395
6395
6397
6398
6401
6402
6403
6404
6406
6406
6406
6406
6408
6408
6410
6411
6412
6413
6413
6414
6415
6416
6416
6418
6419
6419
6419
6421
6422
6422
6423
6423
6425
6427
6428
6434
6434
6434
6434
6434
6435
6437
6438
6440
6442
6444
6445
6447
6447
6448
6449
6449
6449
6450
6451
6451
6452
6452
6452
6454
6456
6458
6458
6460
6463
6464
6465
6466
6467
6467
6470
6471
6471
6471
6471
6473
6474
6475
6475
6476
6476
6476
6478
6478
6479
6479
6480
6480
6481
6482
6483
6484
6487
6488
6489
6490
6491
6493
6493
6494
6495
6495
6497
6498
6499
6500
6503
6503
6508
6510
6510
6510
6511
6512
6514
6514
6514
6515
6515
6517
6518
6519
6520
6521
6521
6522
6523
6524
6524
6525
6525
6526
6527
6527
6528
6530
6530
6530
6531
6535
6535
6537
6539
6539
6540
6541
6542
6542
6543
6548
6549
6549
6550
6551
6552
6553
6554
6554
6556
6558
6559
6559
6560
6563
6563
6564
6564
6564
6565
6567
6569
6572
6572
6573
6574
6575
6577
6577
6577
6577
6578
6578
6578
6579
6579
6580
6581
6582
6583
6583
6583
6585
6587
6587
6589
6590
6590
6591
6593
6594
6594
6596
6597
6598
6598
6598
6600
6604
6606
6606
6606
6607
6608
6608
6608
6611
6611
6612
6613
6614
6615
6615
6616
6616
6616
6618
6619
6621
6624
6624
6625
6628
6629
6630
6633
6633
6634
6634
6634
6635
6636
6636
6638
6638
6639
6639
6640
6640
6641
6643
6645
6645
6645
6647
6647
6649
6649
6651
6651
6652
6654
6655
6657
6660
6661
6667
6667
6668
6669
6670
6671
6673
6674
6674
6675
6675
6675
6676
6676
6678
6678
6678
6679
6680
6680
6680
6680
6683
6683
6684
6685
6685
6687
6688
6688
6689
6690
6691
6691
6691
6692
6693
6694
6696
6700
6700
6700
6700
6701
6701
6702
6703
6705
6706
6707
6708
6712
6720
6723
6727
6728
6728
6730
6731
6734
6736
6738
6741
6741
6741
6741
6741
6743
6743
6743
6744
6744
6745
6745
6749
6749
6749
6749
6751
6755
6755
6756
6756
6756
6758
6758
6758
6760
6761
6762
6762
6763
6763
6763
6763
6763
6766
6766
6767
6768
6770
6772
6772
6775
6775
6775
6775
6776
6778
6779
6780
6782
6784
6785
6785
6787
6787
6789
6789
6790
6790
6791
6794
6794
6795
6801
6802
6802
6803
6806
6808
6811
6812
6812
6813
6814
6814
6816
6816
6819
6820
6821
6821
6821
6822
6822
6824
6825
6826
6826
6827
6827
6827
6828
6828
6831
6832
6832
6833
6834
6835
6835
6840
6841
6844
6845
6846
6846
6846
6847
6848
6849
6850
6850
6852
6853
6854
6854
6855
6855
6856
6857
6858
6861
6862
6862
6863
6866
6866
6867
6867
6868
6868
6870
6871
6872
6873
6874
6874
6878
6879
6882
6882
6883
6883
6885
6886
6887
6887
6887
6889
6890
6890
6892
6892
6893
6893
6894
6894
6894
6894
6894
6896
6897
6897
6900
6901
6901
6901
6902
6904
6904
6908
6909
6910
6911
6912
6914
6916
6916
6917
6918
6918
6921
6922
6925
6925
6925
6926
6927
6927
6927
6927
6929
6929
6932
6936
6937
6942
6942
6942
6943
6943
6944
6944
6944
6945
6946
6947
6949
6950
6950
6951
6952
6952
6953
6954
6957
6957
6957
6958
6961
6961
6963
6963
6963
6965
6965
6966
6967
6968
6968
6969
6970
6970
6970
6971
6973
6974
6975
6975
6977
6977
6978
6978
6980
6980
6980
6981
6983
6984
6984
6987
6987
6988
6988
6990
6991
6992
6992
6993
6993
6994
6995
6996
6997
6997
6998
6999
6999
7000
7000
7002
7004
7004
7005
7006
7006
7011
7012
7012
7012
7013
7014
7014
7016
7016
7019
7020
7021
7022
7023
7024
7024
7025
7026
7030
7030
7033
7034
7036
7037
7039
7040
7040
7041
7043
7045
7047
7047
7048
7049
7050
7052
7056
7056
7056
7057
7059
7060
7061
7061
7061
7062
7062
7064
7064
7065
7067
7067
7067
7068
7068
7069
7070
7071
7072
7073
7074
7075
7075
7076
7078
7079
7079
7079
7080
7080
7082
7084
7086
7089
7089
7089
7090
7091
7091
7092
7092
7092
7095
7096
7099
7099
7100
7104
7104
7104
7105
7105
7106
7107
7108
7108
7109
7109
7111
7113
7113
7114
7114
7115
7116
7117
7117
7118
7118
7119
7120
7122
7123
7123
7123
7124
7124
7125
7126
7126
7127
7128
7128
7129
7129
7129
7129
7130
7131
7131
7132
7133
7133
7134
7135
7136
7137
7139
7139
7139
7140
7140
7140
7140
7142
7144
7145
7145
7145
7148
7149
7149
7149
7150
7151
7151
7151
7153
7154
7155
7157
7159
7159
7160
7160
7160
7160
7162
7163
7163
7165
7166
7167
7167
7168
7168
7169
7170
7171
7174
7174
7174
7175
7176
7176
7177
7178
7183
7187
7187
7189
7190
7191
7192
7197
7197
7198
7198
7198
7201
7203
7204
7205
7205
7206
7206
7206
7208
7208
7209
7209
7210
7212
7213
7214
7214
7215
7215
7216
7219
7219
7220
7220
7221
7221
7221
7223
7225
7226
7229
7229
7231
7231
7233
7234
7235
7236
7239
7239
7244
7244
7245
7246
7247
7247
7247
7247
7248
7250
7251
7251
7252
7252
7253
7255
7255
7256
7256
7257
7257
7257
7258
7259
7261
7261
7263
7263
7264
7265
7267
7269
7269
7270
7271
7271
7271
7272
7272
7273
7275
7275
7278
7281
7281
7281
7282
7282
7283
7283
7284
7289
7290
7291
7291
7292
7293
7294
7294
7294
7295
7295
7296
7296
7299
7300
7304
7305
7305
7305
7306
7307
7307
7308
7308
7308
7309
7309
7310
7310
7315
7316
7318
7319
7320
7320
7320
7321
7321
7323
7326
7326
7326
7327
7328
7328
7329
7330
7331
7331
7332
7333
7333
7334
7335
7335
7336
7336
7339
7339
7339
7344
7345
7345
7346
7346
7346
7347
7347
7348
7351
7352
7352
7357
7358
7358
7358
7359
7359
7361
7361
7361
7363
7364
7364
7365
7365
7366
7366
7367
7367
7368
7368
7369
7370
7371
7372
7372
7373
7373
7374
7376
7380
7381
7381
7382
7382
7383
7383
7384
7384
7385
7385
7385
7386
7387
7388
7388
7392
7394
7394
7394
7394
7395
7396
7397
7398
7398
7399
7400
7400
7402
7402
7405
7406
7407
7408
7409
7409
7409
7410
7410
7410
7412
7412
7413
7418
7419
7420
7421
7422
7425
7425
7425
7426
7426
7427
7427
7428
7428
7430
7431
7431
7431
7432
7432
7432
7434
7434
7436
7437
7438
7438
7439
7440
7441
7443
7443
7444
7446
7447
7448
7448
7450
7451
7452
7452
7453
7454
7457
7458
7460
7461
7462
7463
7463
7463
7463
7464
7464
7465
7465
7466
7466
7467
7468
7468
7470
7471
7475
7477
7477
7478
7478
7480
7480
7481
7481
7481
7482
7482
7483
7487
7491
7492
7492
7493
7494
7494
7498
7498
7500
7504
7506
7507
7507
7508
7509
7509
7509
7509
7510
7514
7515
7516
7518
7518
7519
7520
7520
7521
7521
7521
7522
7524
7525
7525
7527
7528
7529
7532
7532
7533
7534
7535
7535
7535
7536
7536
7537
7537
7538
7539
7540
7541
7542
7543
7546
7548
7549
7549
7550
7550
7550
7551
7553
7554
7555
7557
7558
7559
7560
7560
7561
7561
7562
7563
7563
7564
7564
7565
7565
7566
7567
7567
7568
7569
7571
7572
7574
7575
7575
7576
7576
7576
7577
7577
7578
7579
7580
7580
7582
7582
7586
7586
7586
7586
7588
7589
7593
7593
7595
7597
7597
7597
7597
7597
7597
7598
7598
7598
7598
7598
7599
7600
7600
7600
7603
7603
7605
7606
7606
7607
7608
7611
7612
7613
7613
7615
7616
7616
7617
7618
7620
7621
7621
7622
7623
7624
7624
7625
7625
7626
7628
7631
7632
7633
7633
7634
7636
7636
7637
7639
7639
7640
7640
7640
7640
7641
7641
7643
7643
7645
7645
7646
7646
7647
7648
7648
7648
7650
7650
7651
7652
7652
7653
7654
7655
7655
7656
7660
7660
7661
7663
7663
7664
7664
7664
7664
7665
7665
7666
7666
7667
7667
7668
7668
7671
7671
7672
7672
7674
7675
7675
7681
7681
7681
7683
7683
7684
7684
7687
7690
7690
7690
7691
7692
7695
7695
7695
7697
7698
7698
7698
7701
7702
7703
7703
7704
7704
7705
7705
7706
7708
7709
7711
7712
7712
7713
7713
7714
7714
7715
7716
7719
7719
7720
7722
7723
7724
7725
7726
7728
7728
7729
7730
7730
7730
7735
7735
7736
7737
7738
7739
7741
7741
7743
7744
7744
7744
7746
7747
7748
7749
7749
7749
7752
7752
7753
7754
7755
7755
7759
7761
7763
7764
7768
7769
7771
7772
7772
7773
7775
7776
7777
7779
7779
7780
7780
7781
7781
7782
7782
7783
7784
7784
7786
7788
7790
7791
7793
7794
7794
7794
7795
7800
7800
7802
7808
7808
7809
7809
7809
7811
7813
7814
7814
7815
7815
7816
7817
7819
7821
7824
7824
7825
7826
7830
7830
7831
7833
7834
7835
7835
7836
7836
7837
7838
7839
7841
7841
7843
7844
7844
7845
7847
7849
7849
7851
7852
7853
7853
7854
7854
7855
7857
7857
7858
7859
7859
7859
7860
7861
7862
7866
7868
7868
7870
7870
7871
7872
7873
7873
7874
7875
7875
7876
7878
7879
7880
7881
7881
7881
7882
7882
7883
7883
7884
7884
7884
7886
7888
7888
7888
7888
7889
7890
7891
7892
7893
7895
7896
7896
7897
7898
7898
7900
7902
7902
7904
7904
7905
7905
7905
7905
7906
7907
7910
7911
7911
7911
7914
7914
7915
7915
7916
7916
7917
7917
7919
7923
7924
7925
7927
7928
7929
7930
7930
7931
7932
7933
7933
7933
7934
7934
7935
7936
7938
7938
7939
7940
7942
7943
7943
7944
7945
7949
7950
7950
7951
7951
7952
7953
7954
7954
7955
7956
7958
7958
7963
7964
7964
7966
7971
7971
7972
7972
7973
7973
7973
7974
7975
7976
7977
7979
7980
7981
7983
7984
7984
7984
7986
7986
7987
7987
7988
7988
7988
7989
7989
7989
7990
7992
7994
7999
8001
8001
8002
8002
8003
8003
8004
8004
8004
8005
8005
8006
8006
8007
8008
8008
8009
8010
8010
8010
8011
8011
8012
8014
8016
8016
8016
8017
8019
8020
8021
8022
8024
8026
8026
8028
8029
8031
8031
8034
8036
8036
8037
8038
8042
8043
8043
8043
8044
8044
8046
8046
8047
8049
8050
8050
8051
8051
8051
8052
8054
8058
8063
8063
8064
8064
8067
8067
8067
8067
8068
8069
8069
8070
8070
8071
8071
8073
8073
8074
8074
8075
8075
8077
8080
8082
8082
8082
8082
8084
8087
8090
8094
8096
8097
8099
8100
8100
8100
8101
8101
8102
8102
8104
8105
8107
8107
8108
8109
8109
8109
8109
8110
8110
8111
8111
8112
8113
8114
8114
8115
8118
8121
8122
8123
8124
8124
8126
8127
8132
8132
8135
8135
8135
8135
8137
8139
8141
8142
8143
8143
8144
8145
8146
8147
8147
8148
8150
8150
8150
8151
8153
8155
8155
8157
8158
8158
8159
8159
8160
8160
8160
8162
8164
8165
8166
8166
8169
8170
8172
8173
8175
8175
8175
8177
8178
8178
8178
8178
8179
8179
8180
8180
8182
8183
8184
8184
8184
8185
8185
8190
8191
8193
8194
8195
8195
8195
8196
8196
8197
8198
8199
8200
8201
8202
8203
8204
8206
8206
8210
8210
8210
8211
8212
8213
8215
8215
8215
8215
8217
8218
8219
8219
8221
8222
8222
8223
8223
8223
8223
8224
8224
8227
8228
8228
8230
8231
8232
8232
8232
8233
8233
8233
8233
8234
8234
8234
8234
8234
8234
8235
8236
8236
8237
8237
8239
8239
8240
8240
8241
8245
8249
8251
8254
8255
8257
8258
8258
8258
8258
8259
8260
8260
8263
8264
8265
8266
8267
8268
8268
8269
8270
8272
8274
8274
8276
8277
8277
8277
8277
8277
8278
8278
8279
8280
8281
8282
8283
8283
8283
8284
8284
8288
8288
8290
8293
8293
8297
8297
8298
8298
8299
8300
8300
8301
8301
8302
8302
8302
8302
8305
8305
8305
8306
8307
8307
8308
8308
8311
8311
8314
8314
8316
8317
8317
8318
8319
8319
8319
8321
8321
8323
8324
8324
8324
8325
8326
8327
8327
8327
8327
8329
8331
8331
8332
8332
8335
8335
8335
8335
8336
8336
8337
8337
8339
8339
8340
8344
8345
8345
8346
8347
8349
8349
8350
8352
8352
8353
8354
8354
8355
8359
8360
8361
8361
8361
8362
8363
8365
8366
8366
8367
8370
8371
8371
8372
8373
8374
8375
8376
8376
8376
8377
8380
8382
8383
8383
8386
8388
8389
8389
8390
8390
8390
8391
8393
8394
8395
8395
8396
8396
8396
8397
8397
8397
8398
8398
8398
8400
8400
8401
8402
8403
8404
8405
8406
8406
8407
8407
8407
8409
8410
8410
8411
8412
8414
8414
8415
8415
8415
8416
8417
8420
8421
8422
8423
8425
8425
8425
8425
8426
8428
8428
8429
8429
8429
8430
8430
8431
8432
8433
8434
8435
8435
8435
8436
8440
8440
8440
8441
8442
8445
8446
8447
8448
8449
8450
8451
8452
8454
8456
8456
8457
8458
8459
8459
8460
8462
8463
8465
8466
8467
8467
8467
8470
8470
8471
8473
8473
8475
8476
8481
8482
8482
8484
8486
8487
8487
8490
8490
8491
8491
8492
8492
8492
8494
8495
8495
8496
8497
8498
8499
8499
8500
8502
8503
8504
8505
8505
8507
8509
8510
8512
8513
8514
8514
8516
8516
8517
8518
8519
8520
8520
8523
8524
8525
8525
8525
8525
8528
8530
8531
8531
8532
8532
8533
8533
8535
8535
8536
8536
8541
8542
8550
8550
8553
8553
8558
8559
8559
8561
8561
8561
8562
8562
8563
8565
8566
8567
8568
8568
8570
8573
8573
8574
8574
8576
8580
8582
8582
8584
8585
8587
8588
8589
8592
8592
8593
8594
8596
8596
8601
8605
8606
8607
8607
8610
8613
8614
8615
8615
8615
8618
8619
8620
8623
8624
8624
8624
8625
8627
8627
8628
8628
8629
8629
8630
8630
8632
8632
8633
8633
8634
8638
8642
8646
8647
8647
8647
8647
8648
8650
8650
8651
8651
8654
8655
8656
8656
8656
8657
8657
8658
8659
8660
8660
8661
8662
8664
8665
8669
8670
8670
8672
8672
8673
8676
8677
8678
8678
8681
8683
8684
8685
8686
8687
8687
8687
8688
8688
8690
8690
8692
8693
8693
8694
8696
8697
8697
8697
8698
8700
8701
8702
8703
8703
8704
8704
8704
8705
8706
8707
8707
8709
8709
8711
8711
8711
8712
8715
8715
8716
8718
8719
8719
8720
8723
8723
8724
8725
8727
8727
8730
8730
8732
8732
8732
8733
8733
8733
8735
8737
8738
8738
8743
8743
8743
8743
8746
8746
8748
8749
8750
8751
8751
8754
8754
8755
8756
8757
8757
8759
8761
8763
8763
8763
8764
8764
8766
8769
8770
8771
8772
8772
8773
8774
8774
8775
8779
8779
8779
8780
8781
8783
8784
8784
8786
8788
8791
8791
8791
8793
8796
8796
8797
8797
8797
8799
8801
8801
8802
8802
8805
8810
8810
8810
8811
8812
8814
8814
8815
8815
8817
8817
8818
8818
8818
8822
8824
8825
8825
8825
8826
8827
8827
8827
8827
8828
8828
8828
8829
8829
8830
8831
8833
8834
8835
8836
8837
8837
8840
8844
8845
8847
8847
8848
8849
8850
8850
8853
8854
8857
8859
8859
8860
8861
8863
8865
8866
8867
8869
8869
8872
8872
8874
8876
8877
8877
8877
8878
8879
8884
8889
8890
8891
8891
8891
8892
8893
8895
8895
8895
8895
8896
8896
8897
8897
8897
8899
8899
8900
8901
8902
8903
8905
8905
8905
8906
8907
8908
8908
8910
8913
8913
8914
8916
8918
8920
8920
8920
8921
8922
8922
8925
8926
8926
8927
8929
8929
8929
8930
8930
8936
8937
8937
8938
8939
8940
8941
8942
8942
8943
8944
8944
8944
8949
8949
8950
8950
8951
8951
8952
8952
8952
8953
8953
8953
8955
8955
8955
8956
8959
8960
8964
8964
8965
8967
8967
8969
8969
8970
8970
8970
8970
8973
8974
8974
8975
8975
8977
8979
8980
8980
8981
8982
8984
8984
8985
8987
8987
8987
8988
8989
8989
8990
8993
8993
8994
8995
8995
8997
8997
8998
9000
9001
9001
9002
9004
9007
9008
9009
9010
9010
9011
9011
9012
9018
9022
9024
9024
9029
9029
9030
9030
9031
9031
9031
9032
9032
9034
9034
9034
9035
9036
9036
9038
9038
9038
9041
9042
9044
9044
9045
9045
9047
9048
9050
9051
9055
9055
9057
9059
9059
9060
9060
9060
9064
9065
9066
9066
9067
9067
9067
9068
9069
9069
9072
9072
9074
9075
9077
9078
9079
9080
9082
9084
9085
9085
9085
9086
9088
9089
9091
9091
9093
9095
9097
9098
9099
9100
9100
9100
9100
9101
9102
9102
9102
9105
9105
9108
9108
9110
9110
9111
9112
9113
9113
9114
9115
9115
9116
9117
9117
9117
9117
9118
9118
9119
9120
9122
9123
9124
9124
9124
9125
9125
9126
9126
9126
9127
9128
9128
9129
9129
9129
9130
9134
9135
9136
9141
9142
9142
9143
9145
9146
9150
9150
9151
9151
9152
9155
9156
9157
9157
9157
9157
9157
9157
9159
9162
9163
9164
9165
9166
9167
9168
9168
9169
9169
9172
9172
9176
9176
9176
9177
9178
9178
9179
9180
9181
9181
9182
9182
9182
9182
9184
9185
9186
9187
9187
9188
9189
9194
9194
9194
9196
9196
9196
9197
9198
9199
9200
9200
9202
9204
9204
9205
9206
9208
9208
9210
9210
9214
9214
9214
9215
9217
9220
9221
9221
9221
9222
9222
9224
9225
9226
9226
9227
9230
9231
9231
9233
9235
9236
9238
9239
9239
9239
9240
9241
9241
9242
9243
9245
9246
9246
9247
9248
9250
9250
9251
9252
9252
9253
9254
9254
9254
9256
9258
9258
9259
9259
9260
9261
9262
9262
9263
9264
9265
9265
9265
9266
9267
9267
9269
9269
9270
9273
9273
9276
9276
9277
9278
9278
9279
9279
9279
9279
9280
9283
9284
9285
9286
9287
9289
9290
9292
9294
9294
9294
9295
9297
9298
9298
9299
9300
9301
9302
9303
9304
9306
9306
9308
9309
9309
9311
9311
9312
9316
9317
9318
9318
9321
9324
9325
9325
9327
9329
9329
9331
9331
9331
9332
9334
9334
9335
9339
9340
9342
9344
9345
9347
9347
9347
9348
9349
9352
9353
9353
9357
9357
9359
9359
9360
9360
9361
9365
9367
9368
9369
9370
9371
9371
9372
9372
9373
9374
9374
9375
9375
9375
9376
9377
9377
9378
9378
9378
9379
9380
9380
9380
9381
9382
9383
9385
9385
9386
9386
9387
9388
9388
9390
9391
9392
9394
9396
9396
9397
9397
9398
9400
9401
9402
9402
9406
9408
9408
9408
9408
9409
9410
9410
9411
9412
9412
9414
9417
9418
9419
9421
9422
9423
9424
9425
9428
9429
9430
9430
9430
9434
9434
9435
9436
9436
9437
9438
9438
9438
9441
9444
9444
9445
9445
9449
9449
9450
9452
9452
9452
9452
9453
9454
9454
9455
9456
9456
9457
9458
9458
9459
9462
9462
9463
9466
9467
9467
9468
9468
9468
9470
9473
9473
9473
9474
9477
9477
9477
9478
9478
9479
9479
9480
9481
9481
9481
9482
9483
9484
9485
9486
9486
9486
9487
9487
9488
9488
9488
9488
9490
9490
9493
9494
9495
9495
9499
9504
9504
9505
9505
9505
9506
9506
9507
9507
9509
9510
9510
9510
9510
9512
9513
9514
9514
9515
9516
9521
9521
9522
9523
9525
9527
9527
9529
9530
9530
9531
9532
9532
9533
9533
9533
9534
9535
9536
9536
9537
9537
9538
9540
9543
9543
9543
9544
9545
9545
9547
9551
9553
9553
9553
9556
9556
9556
9558
9558
9561
9562
9564
9565
9567
9569
9569
9573
9574
9574
9575
9575
9577
9577
9577
9578
9582
9583
9584
9585
9588
9588
9589
9589
9590
9595
9596
9597
9598
9600
9600
9600
9601
9603
9605
9605
9605
9607
9607
9608
9608
9609
9610
9613
9614
9615
9618
9619
9620
9620
9622
9622
9623
9624
9625
9625
9626
9626
9627
9632
9633
9634
9635
9636
9637
9638
9639
9641
9642
9644
9644
9644
9646
9647
9651
9653
9656
9658
9660
9660
9662
9662
9663
9663
9664
9666
9666
9666
9667
9667
9668
9670
9671
9674
9675
9676
9676
9676
9677
9677
9679
9679
9679
9680
9681
9682
9683
9684
9685
9685
9685
9691
9693
9694
9694
9698
9699
9701
9704
9705
9706
9706
9706
9706
9707
9708
9709
9714
9716
9718
9718
9719
9719
9719
9720
9720
9720
9720
9720
9721
9721
9721
9722
9723
9725
9727
9728
9728
9728
9730
9730
9730
9731
9732
9733
9733
9733
9735
9735
9736
9736
9736
9738
9738
9739
9742
9743
9744
9745
9748
9749
9749
9751
9752
9752
9753
9755
9755
9756
9758
9759
9759
9761
9762
9762
9763
9763
9764
9764
9766
9766
9767
9768
9768
9769
9770
9770
9771
9773
9773
9781
9781
9781
9781
9781
9783
9784
9785
9788
9789
9789
9789
9792
9794
9795
9795
9796
9797
9799
9800
9801
9801
9801
9802
9803
9805
9807
9807
9808
9808
9808
9811
9811
9811
9813
9813
9814
9814
9816
9816
9817
9819
9819
9821
9822
9823
9825
9829
9830
9831
9831
9832
9833
9833
9834
9835
9835
9836
9836
9837
9839
9839
9840
9843
9843
9846
9847
9848
9849
9849
9851
9851
9851
9852
9852
9854
9857
9859
9861
9862
9862
9864
9866
9866
9867
9867
9868
9870
9870
9870
9872
9872
9874
9874
9876
9876
9878
9879
9879
9879
9879
9880
9881
9883
9883
9884
9884
9885
9887
9887
9889
9892
9892
9893
9893
9893
9894
9895
9895
9896
9897
9900
9901
9901
9901
9901
9901
9904
9904
9905
9906
9906
9907
9907
9907
9909
9909
9911
9913
9914
9915
9915
9916
9916
9918
9919
9919
9920
9921
9924
9924
9931
9934
9937
9937
9938
9938
9939
9939
9941
9942
9943
9943
9947
9949
9949
9950
9950
9951
9951
9953
9954
9959
9960
9961
9961
9961
9962
9962
9965
9966
9966
9967
9968
9968
9969
9970
9972
9972
9973
9974
9974
9978
9978
9979
9980
9981
9981
9982
9983
9983
9984
9985
9986
9986
9987
9987
9987
9989
9989
9989
9990
9991
9992
9992
9992
9993
9993
9993
9995
9996
9997
9997
9999
10000
10000
0.032185
